 # Egap(eV), Auger_coef(cm6s-1), eta (eV) =   0.10000000000000001     
   1.0201874000000000        1.9225454602780731E-031
   1.0301874000000000        1.8960364574654079E-031
   1.0401874000000000        1.8605160696593167E-031
   1.0501874000000000        1.8162852877029638E-031
   1.0601874000000000        1.7641609184279498E-031
   1.0701874000000000        1.7053989659872672E-031
   1.0801874000000000        1.6415943995969798E-031
   1.0901874000000000        1.5745646827455179E-031
   1.1001874000000000        1.5062264721655945E-031
   1.1101874000000000        1.4384760829110338E-031
   1.1201874000000001        1.3730842588636678E-031
   1.1301874000000001        1.3116142790731553E-031
   1.1401874000000001        1.2553695319454557E-031
   1.1501874000000001        1.2053727523843908E-031
   1.1601874000000001        1.1623747338255886E-031
   1.1701873999999999        1.1268862246992526E-031
   1.1801873999999999        1.0992236152955836E-031
   1.1901873999999999        1.0795574771241878E-031
   1.2001873999999999        1.0679533179104985E-031
   1.2101873999999999        1.0643960103456302E-031
   1.2201873999999999        1.0687928649915108E-031
   1.2301873999999999        1.0809546233696025E-031
   1.2401873999999999        1.1005580008537977E-031
   1.2501874000000002        1.1270970872736554E-031
   1.2601874000000002        1.1598333437947303E-031
   1.2701874000000000        1.1977547845770488E-031
   1.2801874000000000        1.2395541409577491E-031
   1.2901874000000000        1.2836335676521692E-031
   1.3001874000000000        1.3281401497460891E-031
   1.3101874000000000        1.3710325999102328E-031
   1.3201874000000000        1.4101756158099694E-031
   1.3301874000000000        1.4434548719573759E-031
   1.3401874000000000        1.4689029312627181E-031
   1.3501874000000000        1.4848247484465070E-031
   1.3601874000000000        1.4899110496879199E-031
   1.3701873999999998        1.4833287426747338E-031
   1.3801873999999998        1.4647795575647750E-031
   1.3901873999999999        1.4345211503003222E-031
   1.4001873999999999        1.3933486157774718E-031
   1.4101874000000001        1.3425383641153695E-031
   1.4201874000000001        1.2837601447445660E-031
   1.4301874000000001        1.2189661761228434E-031
   1.4401874000000001        1.1502684167253691E-031
   1.4501874000000001        1.0798156825480680E-031
   1.4601874000000001        1.0096814578775091E-031
   1.4701873999999999        9.4177097592883271E-032
   1.4801873999999999        8.7775281817897267E-032
   1.4901873999999999        8.1901644055794143E-032
   1.5001873999999999        7.6665332644128722E-032
   1.5101874000000000        7.2145651986994126E-032
   1.5201874000000000        6.8393160148435725E-032
   1.5301874000000000        6.5431199618314270E-032
   1.5401874000000000        6.3257282195938705E-032
   1.5501874000000000        6.1843999552319336E-032
   1.5601874000000000        6.1139446413597695E-032
   1.5701874000000000        6.1067456509321551E-032
   1.5801874000000000        6.1528194777442120E-032
   1.5901874000000000        6.2399767225908506E-032
   1.6001874000000000        6.3541469791811627E-032
   1.6101874000000000        6.4799097201574759E-032
   1.6201874000000001        6.6012401978999214E-032
   1.6301874000000001        6.7024390053016855E-032
   1.6401874000000001        6.7691738632735146E-032
   1.6501874000000001        6.7895303850023036E-032
   1.6601874000000001        6.7549517934135314E-032
   1.6701873999999999        6.6609499935062125E-032
   1.6801873999999999        6.5074925925716609E-032
   1.6901873999999999        6.2990091573173333E-032
   1.7001873999999999        6.0440086841532042E-032
   1.7101873999999999        5.7543504679233066E-032
   1.7201873999999999        5.4442535948569597E-032
   1.7301873999999999        5.1291590234435291E-032
   1.7401873999999999        4.8245684822031176E-032
   1.7501874000000002        4.5449757205860787E-032
   1.7601874000000000        4.3029810910254151E-032
   1.7701874000000002        4.1086458183830511E-032
   1.7801874000000000        3.9691047535005628E-032
   1.7901874000000002        3.8884228063156261E-032
   1.8001874000000000        3.8676559118764940E-032
   1.8101873999999998        3.9050651055579292E-032
   1.8201874000000000        3.9964320915344925E-032
   1.8301873999999998        4.1354341249944576E-032
   1.8401874000000000        4.3140509430334652E-032
   1.8501873999999998        4.5229920699062201E-032
   1.8601874000000000        4.7521447106901471E-032
   1.8701873999999998        4.9910475751460943E-032
   1.8801874000000001        5.2293931710845585E-032
   1.8901873999999999        5.4575512518573736E-032
   1.9001874000000001        5.6670918647081044E-032
   1.9101874000000001        5.8512716770048139E-032
   1.9201873999999999        6.0054361496512505E-032
   1.9301874000000001        6.1272863066431485E-032
   1.9401873999999999        6.2169645678781287E-032
   1.9501874000000001        6.2769297054910457E-032
   1.9601873999999999        6.3116147142467406E-032
   1.9701874000000001        6.3268897033555299E-032
   1.9801873999999999        6.3293800964798854E-032
   1.9901874000000002        6.3257134625195938E-032
   2.0001874000000002        6.3217818669870104E-032
   2.0101874000000000        6.3221079281165198E-032
   2.0201874000000002        6.3293910481571789E-032
   2.0301874000000000        6.3442870571054727E-032
   2.0401874000000002        6.3654432070672432E-032
   2.0501874000000000        6.3897759005637469E-032
   2.0601874000000002        6.4129460585676631E-032
   2.0701874000000000        6.4299615893090713E-032
   2.0801874000000002        6.4358217735296929E-032
   2.0901874000000000        6.4261165229376356E-032
   2.1001874000000003        6.3975043203123156E-032
   2.1101874000000000        6.3480141329107804E-032
   2.1201873999999998        6.2771450079506121E-032
   2.1301874000000001        6.1857677374160392E-032
   2.1401873999999999        6.0758610661883069E-032
   2.1501874000000001        5.9501361899921957E-032
   2.1601873999999999        5.8116148420416170E-032
   2.1701874000000001        5.6632269488906986E-032
   2.1801873999999999        5.5074843630438748E-032
   2.1901874000000001        5.3462699045115290E-032
   2.2001873999999999        5.1807593340973127E-032
   2.2101873999999997        5.0114718268055209E-032
   2.2201873999999999        4.8384255995569289E-032
   2.2301873999999997        4.6613622476960277E-032
   2.2401873999999999        4.4799974453486244E-032
   2.2501873999999997        4.2942569686344590E-032
   2.2601874000000000        4.1044643057444096E-032
   2.2701873999999997        3.9114573966508859E-032
   2.2801874000000000        3.7166249261162189E-032
   2.2901873999999998        3.5218648322412863E-032
   2.3001874000000000        3.3294775429409398E-032
   2.3101873999999998        3.1420128819203480E-032
   2.3201874000000000        2.9620923196849487E-032
   2.3301874000000002        2.7922276641925735E-032
   2.3401874000000000        2.6346542204803169E-032
   2.3501874000000003        2.4911919330245998E-032
   2.3601874000000000        2.3631430632198937E-032
   2.3701874000000003        2.2512303453698011E-032
   2.3801874000000001        2.1555758030768556E-032
   2.3901874000000003        2.0757176726260035E-032
   2.4001874000000001        2.0106610893739853E-032
   2.4101873999999999        1.9589571053205838E-032
   2.4201874000000001        1.9188039315568779E-032
   2.4301873999999999        1.8881637996588912E-032
   2.4401874000000001        1.8648883873257372E-032
   2.4501873999999999        1.8468453660431349E-032
   2.4601874000000001        1.8320384253361796E-032
   2.4701873999999999        1.8187132925885236E-032
   2.4801874000000002        1.8054429761505495E-032
   2.4901873999999999        1.7911868183709059E-032
   2.5001873999999997        1.7753199424916644E-032
   2.5101874000000000        1.7576321646100268E-032
   2.5201873999999997        1.7382981469961967E-032
   2.5301874000000000        1.7178231393673192E-032
   2.5401873999999998        1.6969707230652889E-032
   2.5501874000000000        1.6766802336278144E-032
   2.5601873999999998        1.6579818153789230E-032
   2.5701874000000000        1.6419163609433370E-032
   2.5801873999999998        1.6294661002958631E-032
   2.5901874000000000        1.6214996719287795E-032
   2.6001873999999998        1.6187335523031924E-032
   2.6101873999999996        1.6217101298761500E-032
   2.6201873999999998        1.6307917437037661E-032
   2.6301873999999996        1.6461697102762156E-032
   2.6401873999999999        1.6678875502190463E-032
   2.6501874000000001        1.6958779294479952E-032
   2.6601873999999999        1.7300128065536157E-032
   2.6701874000000001        1.7701655670653532E-032
   2.6801874000000003        1.8162823851807293E-032
   2.6901874000000001        1.8684578560798737E-032
   2.7001873999999999        1.9270075701727209E-032
   2.7101874000000001        1.9925284448468072E-032
   2.7201873999999999        2.0659369981516323E-032
   2.7301874000000002        2.1484768455576505E-032
   2.7401873999999999        2.2416896319203422E-032
   2.7501874000000002        2.3473479926544762E-032
   2.7601874000000000        2.4673541445296489E-032
   2.7701874000000002        2.6036122569633426E-032
   2.7801874000000000        2.7578858020632528E-032
   2.7901874000000002        2.9316519190497475E-032
   2.8001874000000000        3.1259633226384980E-032
   2.8101873999999998        3.3413249563851759E-032
   2.8201874000000000        3.5775885066893718E-032
   2.8301873999999998        3.8338643801637074E-032
   2.8401874000000000        4.1084490172751070E-032
   2.8501873999999998        4.3987661878811305E-032
   2.8601874000000000        4.7013241634641309E-032
   2.8701873999999998        5.0116955619517786E-032
   2.8801874000000001        5.3245317633646508E-032
   2.8901873999999999        5.6336273787757370E-032
   2.9001873999999996        5.9320507809855306E-032
   2.9101873999999999        6.2123532296507219E-032
   2.9201873999999997        6.4668615771460984E-032
   2.9301873999999999        6.6880487959026462E-032
   2.9401873999999997        6.8689642819841344E-032
   2.9501873999999999        7.0036941803309296E-032
   2.9601873999999997        7.0878130020257281E-032
   2.9701873999999999        7.1187833495772553E-032
   2.9801873999999997        7.0962617225607625E-032
   2.9901873999999999        7.0222753456899534E-032
   3.0001874000000002        6.9012470174719414E-032
   3.0101874000000000        6.7398605580986863E-032
   3.0201874000000002        6.5467763534641639E-032
   3.0301874000000000        6.3322222390194266E-032
   3.0401874000000002        6.1074970827982060E-032
   3.0501874000000000        5.8844309119765026E-032
   3.0601874000000002        5.6748451442197978E-032
   3.0701874000000000        5.4900494770662217E-032
   3.0801874000000002        5.3403996268580474E-032
   3.0901874000000000        5.2349249845919482E-032
   3.1001873999999998        5.1810207745703354E-032
   3.1101874000000000        5.1841890035643831E-032
   3.1201873999999998        5.2478092134806753E-032
   3.1301874000000001        5.3729251344198700E-032
   3.1401873999999999        5.5580460599896001E-032
   3.1501874000000001        5.7989792690481170E-032
   3.1601873999999999        6.0887275508430292E-032
   3.1701874000000001        6.4174986009416279E-032
   3.1801873999999999        6.7728760770161581E-032
   3.1901873999999997        7.1401926461488616E-032
   3.2001873999999999        7.5031234350759402E-032
   3.2101873999999997        7.8444870140341069E-032
   3.2201873999999999        8.1472060886496959E-032
   3.2301873999999997        8.3953485048565497E-032
   3.2401873999999999        8.5751478060589833E-032
   3.2501873999999997        8.6758963677293489E-032
   3.2601874000000000        8.6906149562386986E-032
   3.2701873999999997        8.6164287851790005E-032
   3.2801874000000000        8.4546170332674134E-032
   3.2901873999999998        8.2103436279864993E-032
   3.3001874000000000        7.8921147445507433E-032
   3.3101873999999998        7.5110368919343578E-032
   3.3201874000000000        7.0799649012628540E-032
   3.3301874000000002        6.6126306394860483E-032
   3.3401874000000000        6.1228325184077839E-032
   3.3501874000000003        5.6237464404280860E-032
   3.3601874000000000        5.1273951856090953E-032
   3.3701874000000003        4.6442897174039442E-032
   3.3801874000000001        4.1832358372810645E-032
   3.3901873999999999        3.7512850543571019E-032
   3.4001874000000001        3.3538000590401004E-032
   3.4101873999999999        2.9946022769127869E-032
   3.4201874000000001        2.6761704133704987E-032
   3.4301874000000003        2.3998632129643828E-032
   3.4401873999999997        2.1661454751667581E-032
   3.4501873999999999        1.9748025970628310E-032
   3.4601874000000001        1.8251347777706556E-032
   3.4701874000000004        1.7161269928188060E-032
   3.4801873999999997        1.6465945466294494E-032
   3.4901873999999999        1.6153061228170927E-032
   3.5001874000000002        1.6210865258782317E-032
   3.5101873999999995        1.6628996419456272E-032
   3.5201873999999997        1.7399087250525960E-032
   3.5301874000000000        1.8515065493043719E-032
   3.5401874000000002        1.9973033605447760E-032
   3.5501873999999995        2.1770574406241898E-032
   3.5601873999999998        2.3905331690644789E-032
   3.5701874000000000        2.6372762114894042E-032
   3.5801873999999994        2.9163056463506237E-032
   3.5901873999999996        3.2257380556141696E-032
   3.6001873999999998        3.5623770062106224E-032
   3.6101874000000000        3.9213197027113711E-032
   3.6201873999999998        4.2956467155376705E-032
   3.6301873999999996        4.6762662613162335E-032
   3.6401873999999999        5.0519781085153087E-032
   3.6501874000000001        5.4098023061594514E-032
   3.6601873999999999        5.7355857624923626E-032
   3.6701874000000001        6.0148592888678284E-032
   3.6801874000000003        6.2338755310948045E-032
   3.6901873999999997        6.3807219687635016E-032
   3.7001873999999999        6.4463803008034101E-032
   3.7101874000000001        6.4255995048415831E-032
   3.7201874000000004        6.3174667863045842E-032
   3.7301873999999997        6.1255966590062113E-032
   3.7401873999999999        5.8579078941833628E-032
   3.7501874000000002        5.5260127327293890E-032
   3.7601874000000004        5.1442932932780850E-032
   3.7701873999999997        4.7287781770538937E-032
   3.7801874000000000        4.2959521059392144E-032
   3.7901874000000002        3.8616308747870349E-032
   3.8001873999999995        3.4400145782352798E-032
   3.8101873999999998        3.0429987552191703E-032
   3.8201874000000000        2.6797824551717344E-032
