0.000000000 0.000000000	-0.000000000
0.010000000 0.000000000	0.000000000
0.020000000 0.000000000	0.000000000
0.030000000 0.000000000	0.000000000
0.040000000 0.000000000	0.000000000
0.050000000 0.000000000	0.000000000
0.060000000 0.000000000	0.000000000
0.070000000 0.000000000	0.000000000
0.080000000 0.000000000	0.000000000
0.090000000 0.000000000	0.000000000
0.100000000 0.000000000	0.000000000
0.110000000 0.000000000	0.000000000
0.120000000 0.000000000	0.000000000
0.130000000 0.000000000	0.000000000
0.140000000 0.000000000	0.000000000
0.150000000 0.000000000	0.000000000
0.160000000 0.000000000	0.000000000
0.170000000 0.000000000	0.000000000
0.180000000 0.000000000	0.000000000
0.190000000 0.000000000	0.000000000
0.200000000 0.000000000	0.000000000
0.210000000 0.000000000	0.000000000
0.220000000 0.000000000	0.000000000
0.230000000 0.000000000	0.000000000
0.240000000 0.000000000	0.000000000
0.250000000 0.000000000	0.000000000
0.260000000 0.000000000	0.000000000
0.270000000 0.000000000	0.000000000
0.280000000 0.000000000	0.000000000
0.290000000 0.000000000	0.000000000
0.300000000 0.000000000	0.000000000
0.310000000 0.000000000	0.000000000
0.320000000 0.000000000	0.000000000
0.330000000 0.000000000	0.000000000
0.340000000 0.000000000	0.000000000
0.350000000 0.000000000	0.000000000
0.360000000 0.000000000	0.000000000
0.370000000 0.000000000	0.000000000
0.380000000 0.000000000	0.000000000
0.390000000 0.000000000	0.000000000
0.400000000 0.000000000	0.000000000
0.410000000 0.000000000	0.000000000
0.420000000 0.000000000	0.000000000
0.430000000 0.000000000	0.000000000
0.440000000 0.000000000	0.000000000
0.450000000 0.000000000	0.000000000
0.460000000 0.000000000	0.000000000
0.470000000 0.000000000	0.000000000
0.480000000 0.000000000	0.000000000
0.490000000 0.000000000	0.000000000
0.500000000 0.000000000	0.000000000
0.510000000 0.000000000	0.000000000
0.520000000 0.000000000	0.000000000
0.530000000 0.000000000	0.000000000
0.540000000 0.000000000	0.000000000
0.550000000 0.000000000	0.000000000
0.560000000 0.000000000	0.000000000
0.570000000 0.000000000	0.000000000
0.580000000 0.000000000	0.000000000
0.590000000 0.000000000	0.000000000
0.600000000 0.000000000	0.000000000
0.610000000 0.000000000	0.000000000
0.620000000 0.000000000	0.000000000
0.630000000 0.000000000	0.000000000
0.640000000 0.000000000	0.000000000
0.650000000 0.000000000	0.000000000
0.660000000 0.000000000	0.000000000
0.670000000 0.000000000	0.000000000
0.680000000 0.000000000	0.000000000
0.690000000 0.000000000	0.000000000
0.700000000 0.000000000	0.000000000
0.710000000 0.000000000	0.000000000
0.720000000 0.000000000	0.000000000
0.730000000 0.000000000	0.000000000
0.740000000 0.000000000	0.000000000
0.750000000 0.000000000	0.000000000
0.760000000 0.000000000	0.000000000
0.770000000 0.000000000	0.000000000
0.780000000 0.000000000	0.000000000
0.790000000 0.000000000	0.000000000
0.800000000 0.000000000	0.000000000
0.810000000 0.000000000	0.000000000
0.820000000 0.000000000	0.000000000
0.830000000 0.000000000	0.000000000
0.840000000 0.000000000	0.000000000
0.850000000 0.000000000	0.000000000
0.860000000 0.000000000	0.000000000
0.870000000 0.000000000	0.000000000
0.880000000 0.000000000	0.000000000
0.890000000 0.000000000	0.000000000
0.900000000 0.000000000	0.000000000
0.910000000 0.000000000	0.000000000
0.920000000 0.000000000	0.000000000
0.930000000 0.000000000	0.000000000
0.940000000 0.000000000	0.000000000
0.950000000 0.000000000	0.000000000
0.960000000 0.000000000	0.000000000
0.970000000 0.000000000	0.000000000
0.980000000 0.000000000	0.000000000
0.990000000 0.000000000	0.000000000
1.000000000 0.000000000	0.000000000
1.010000000 0.000000000	0.000000000
1.020000000 0.000000000	0.000000000
1.030000000 0.000000000	0.000000000
1.040000000 0.000000000	0.000000000
1.050000000 0.000000000	0.000000000
1.060000000 0.000000000	0.000000000
1.070000000 0.000000000	0.000000000
1.080000000 0.000000000	0.000000000
1.090000000 0.000000000	0.000000000
1.100000000 0.000000000	0.000000000
1.110000000 0.000000000	0.000000000
1.120000000 0.000000000	0.000000000
1.130000000 0.000000000	0.000000000
1.140000000 0.000000000	0.000000000
1.150000000 0.000000000	0.000000000
1.160000000 0.000000000	0.000000000
1.170000000 0.000000000	0.000000000
1.180000000 0.000000000	0.000000000
1.190000000 0.000000000	0.000000000
1.200000000 0.000000000	0.000000000
1.210000000 0.000000000	0.000000000
1.220000000 0.000000000	0.000000000
1.230000000 0.000000000	0.000000000
1.240000000 0.000000000	0.000000000
1.250000000 0.000000000	0.000000000
1.260000000 0.000000000	0.000000000
1.270000000 0.000000000	0.000000000
1.280000000 0.000000000	0.000000000
1.290000000 0.000000000	0.000000000
1.300000000 0.000000000	0.000000000
1.310000000 0.000000000	0.000000000
1.320000000 0.000000000	0.000000000
1.330000000 0.000000000	0.000000000
1.340000000 0.000000000	0.000000000
1.350000000 0.000000000	0.000000000
1.360000000 0.000000000	0.000000000
1.370000000 0.000000000	0.000000000
1.380000000 0.000000000	0.000000000
1.390000000 0.000000000	0.000000000
1.400000000 0.000000000	0.000000000
1.410000000 0.000000000	0.000000000
1.420000000 0.000000000	0.000000000
1.430000000 0.000000000	0.000000000
1.440000000 0.000000000	0.000000000
1.450000000 0.000000000	0.000000000
1.460000000 0.000000000	0.000000000
1.470000000 0.000000000	0.000000000
1.480000000 0.000000000	0.000000000
1.490000000 0.000000000	0.000000000
1.500000000 0.000000000	0.000000000
1.510000000 0.000000000	0.000000000
1.520000000 0.000000000	0.000000000
1.530000000 0.000000000	0.000000000
1.540000000 0.000000000	0.000000000
1.550000000 0.000000000	0.000000000
1.560000000 0.000000000	0.000000000
1.570000000 0.000000000	0.000000000
1.580000000 0.000000000	0.000000000
1.590000000 0.000000000	0.000000000
1.600000000 0.000000000	0.000000000
1.610000000 0.000000000	0.000000000
1.620000000 0.000000000	0.000000000
1.630000000 0.000000000	0.000000000
1.640000000 0.000000000	0.000000000
1.650000000 0.000000000	0.000000000
1.660000000 0.000000000	0.000000000
1.670000000 0.000000000	0.000000000
1.680000000 0.000000000	0.000000000
1.690000000 0.000000000	0.000000000
1.700000000 0.000000000	0.000000000
1.710000000 0.000000000	0.000000000
1.720000000 0.000000000	0.000000000
1.730000000 0.000000000	0.000000000
1.740000000 0.000000000	0.000000000
1.750000000 0.000000000	0.000000000
1.760000000 0.000000000	0.000000000
1.770000000 0.000000000	0.000000000
1.780000000 0.000000000	0.000000000
1.790000000 0.000000000	0.000000000
1.800000000 0.000000000	0.000000000
1.810000000 0.000000000	0.000000000
1.820000000 0.000000000	0.000000000
1.830000000 0.000000000	0.000000000
1.840000000 0.000000000	0.000000000
1.850000000 0.000000000	0.000000000
1.860000000 0.000000000	0.000000000
1.870000000 0.000000000	0.000000000
1.880000000 0.000000000	0.000000000
1.890000000 0.000000000	0.000000000
1.900000000 0.000000000	0.000000000
1.910000000 0.000000000	0.000000000
1.920000000 0.000000000	0.000000000
1.930000000 0.000000000	0.000000000
1.940000000 0.000000000	0.000000000
1.950000000 0.000000000	0.000000000
1.960000000 0.000000000	0.000000000
1.970000000 0.000000000	0.000000000
1.980000000 0.000000000	0.000000000
1.990000000 0.000000000	0.000000000
2.000000000 0.000000000	0.000000000
2.010000000 0.000000000	0.000000000
2.020000000 0.000000000	0.000000000
2.030000000 0.000000000	0.000000000
2.040000000 0.000000000	0.000000000
2.050000000 0.000000000	0.000000000
2.060000000 0.000000000	0.000000000
2.070000000 0.000000000	0.000000000
2.080000000 0.000000000	0.000000000
2.090000000 0.000000000	0.000000000
2.100000000 0.000000000	0.000000000
2.110000000 0.000000000	0.000000000
2.120000000 0.000000000	0.000000000
2.130000000 0.000000000	0.000000000
2.140000000 0.000000000	0.000000000
2.150000000 0.000000000	0.000000000
2.160000000 0.000000000	0.000000000
2.170000000 0.000000000	0.000000000
2.180000000 0.000000000	0.000000000
2.190000000 0.000000000	0.000000000
2.200000000 0.000000000	0.000000000
2.210000000 0.000000000	0.000000000
2.220000000 0.000000000	0.000000000
2.230000000 0.000000000	0.000000000
2.240000000 0.000000000	0.000000000
2.250000000 0.000000000	0.000000000
2.260000000 0.000000000	0.000000000
2.270000000 0.000000000	0.000000000
2.280000000 0.000000000	0.000000000
2.290000000 0.000000000	0.000000000
2.300000000 0.000000000	0.000000000
2.310000000 0.000000000	0.000000000
2.320000000 0.000000000	0.000000000
2.330000000 0.000000000	0.000000000
2.340000000 0.000000000	0.000000000
2.350000000 0.000000000	0.000000000
2.360000000 0.000000000	0.000000000
2.370000000 0.000000000	0.000000000
2.380000000 0.000000000	0.000000000
2.390000000 0.000000000	0.000000000
2.400000000 0.000000000	0.000000000
2.410000000 0.000000000	0.000000000
2.420000000 0.000000000	0.000000000
2.430000000 0.000000000	0.000000000
2.440000000 0.000000000	0.000000000
2.450000000 0.000000000	0.000000000
2.460000000 0.000000000	0.000000000
2.470000000 0.000000000	0.000000000
2.480000000 0.000000000	0.000000000
2.490000000 0.000000000	0.000000000
2.500000000 0.000000000	0.000000000
2.510000000 0.000000000	0.000000000
2.520000000 0.000000000	0.000000000
2.530000000 0.000000000	0.000000000
2.540000000 0.000000000	0.000000000
2.550000000 0.000000000	0.000000000
2.560000000 0.000000000	0.000000000
2.570000000 0.000000000	0.000000000
2.580000000 0.000000000	0.000000000
2.590000000 0.000000000	0.000000000
2.600000000 0.000000000	0.000000000
2.610000000 0.000000000	0.000000000
2.620000000 0.000000000	0.000000000
2.630000000 0.000000000	0.000000000
2.640000000 0.000000000	0.000000000
2.650000000 0.000000000	0.000000000
2.660000000 0.000000000	0.000000000
2.670000000 0.000000000	0.000000000
2.680000000 0.000000000	0.000000000
2.690000000 0.000000000	0.000000000
2.700000000 0.000000000	0.000000000
2.710000000 0.000000000	0.000000000
2.720000000 0.000000000	0.000000000
2.730000000 0.000000000	0.000000000
2.740000000 0.000000000	0.000000000
2.750000000 0.000000000	0.000000000
2.760000000 0.000000000	0.000000000
2.770000000 0.000000000	0.000000000
2.780000000 0.000000000	0.000000000
2.790000000 0.000000000	0.000000000
2.800000000 0.000000000	0.000000000
2.810000000 0.000000000	0.000000000
2.820000000 0.000000000	0.000000000
2.830000000 0.000000000	0.000000000
2.840000000 0.000000000	0.000000000
2.850000000 0.000000000	0.000000000
2.860000000 0.000000000	0.000000000
2.870000000 0.000000000	0.000000000
2.880000000 0.000000000	0.000000000
2.890000000 0.000000000	0.000000000
2.900000000 0.000000000	0.000000000
2.910000000 0.000000000	0.000000000
2.920000000 0.000000000	0.000000000
2.930000000 0.000000000	0.000000000
2.940000000 0.000000000	0.000000000
2.950000000 0.000000000	0.000000000
2.960000000 0.000000000	0.000000000
2.970000000 0.000000000	0.000000001
2.980000000 0.000000000	0.000000001
2.990000000 0.000000000	0.000000001
3.000000000 0.000000000	0.000000002
3.010000000 0.000000000	0.000000002
3.020000000 0.000000000	0.000000003
3.030000000 0.000000000	0.000000004
3.040000000 0.000000000	0.000000006
3.050000000 0.000000000	0.000000008
3.060000000 0.000000000	0.000000011
3.070000000 0.000000000	0.000000014
3.080000000 0.000000000	0.000000020
3.090000000 0.000000000	0.000000026
3.100000000 0.000000001	0.000000035
3.110000000 0.000000001	0.000000048
3.120000000 0.000000001	0.000000064
3.130000000 0.000000001	0.000000085
3.140000000 0.000000002	0.000000113
3.150000000 0.000000003	0.000000151
3.160000000 0.000000004	0.000000200
3.170000000 0.000000005	0.000000264
3.180000000 0.000000006	0.000000349
3.190000000 0.000000009	0.000000459
3.200000000 0.000000012	0.000000603
3.210000000 0.000000016	0.000000789
3.220000000 0.000000021	0.000001032
3.230000000 0.000000028	0.000001345
3.240000000 0.000000037	0.000001749
3.250000000 0.000000048	0.000002270
3.260000000 0.000000064	0.000002938
3.270000000 0.000000084	0.000003794
3.280000000 0.000000110	0.000004887
3.290000000 0.000000144	0.000006280
3.300000000 0.000000189	0.000008052
3.310000000 0.000000246	0.000010298
3.320000000 0.000000320	0.000013140
3.330000000 0.000000415	0.000016725
3.340000000 0.000000537	0.000021239
3.350000000 0.000000694	0.000026907
3.360000000 0.000000894	0.000034007
3.370000000 0.000001148	0.000042878
3.380000000 0.000001472	0.000053936
3.390000000 0.000001883	0.000067685
3.400000000 0.000002403	0.000084739
3.410000000 0.000003060	0.000105840
3.420000000 0.000003886	0.000131885
3.430000000 0.000004925	0.000163953
3.440000000 0.000006226	0.000203341
3.450000000 0.000007852	0.000251603
3.460000000 0.000009880	0.000310591
3.470000000 0.000012404	0.000382516
3.480000000 0.000015536	0.000470000
3.490000000 0.000019415	0.000576151
3.500000000 0.000024206	0.000704638
3.510000000 0.000030110	0.000859784
3.520000000 0.000037368	0.001046666
3.530000000 0.000046271	0.001271230
3.540000000 0.000057165	0.001540420
3.550000000 0.000070463	0.001862324
3.560000000 0.000086660	0.002246334
3.570000000 0.000106340	0.002703326
3.580000000 0.000130197	0.003245857
3.590000000 0.000159050	0.003888388
3.600000000 0.000193864	0.004647515
3.610000000 0.000235775	0.005542239
3.620000000 0.000286114	0.006594244
3.630000000 0.000346435	0.007828206
3.640000000 0.000418553	0.009272122
3.650000000 0.000504580	0.010957661
3.660000000 0.000606965	0.012920539
3.670000000 0.000728542	0.015200913
3.680000000 0.000872585	0.017843795
3.690000000 0.001042860	0.020899486
3.700000000 0.001243695	0.024424016
3.710000000 0.001480045	0.028479605
3.720000000 0.001757574	0.033135125
3.730000000 0.002082733	0.038466560
3.740000000 0.002462856	0.044557475
3.750000000 0.002906258	0.051499456
3.760000000 0.003422338	0.059392551
3.770000000 0.004021698	0.068345671
3.780000000 0.004716261	0.078476958
3.790000000 0.005519403	0.089914120
3.800000000 0.006446090	0.102794692
3.810000000 0.007513024	0.117266247
3.820000000 0.008738788	0.133486525
3.830000000 0.010144012	0.151623465
3.840000000 0.011751529	0.171855149
3.850000000 0.013586542	0.194369624
3.860000000 0.015676796	0.219364604
3.870000000 0.018052746	0.247047035
3.880000000 0.020747730	0.277632515
3.890000000 0.023798132	0.311344557
3.900000000 0.027243552	0.348413693
3.910000000 0.031126954	0.389076406
3.920000000 0.035494819	0.433573883
3.930000000 0.040397273	0.482150604
3.940000000 0.045888206	0.535052743
3.950000000 0.052025367	0.592526404
3.960000000 0.058870436	0.654815681
3.970000000 0.066489069	0.722160572
3.980000000 0.074950912	0.794794741
3.990000000 0.084329576	0.872943148
4.000000000 0.094702572	0.956819583
4.010000000 0.106151203	1.046624098
4.020000000 0.118760405	1.142540397
4.030000000 0.132618539	1.244733191
4.040000000 0.147817116	1.353345555
4.050000000 0.164450478	1.468496345
4.060000000 0.182615398	1.590277675
4.070000000 0.202410629	1.718752538
4.080000000 0.223936379	1.853952581
4.090000000 0.247293720	1.995876095
4.100000000 0.272583931	2.144486255
4.110000000 0.299907769	2.299709657
4.120000000 0.329364687	2.461435193
4.130000000 0.361051984	2.629513296
4.140000000 0.395063900	2.803755596
4.150000000 0.431490671	2.983935021
4.160000000 0.470417536	3.169786352
4.170000000 0.511923714	3.361007270
4.180000000 0.556081371	3.557259902
4.190000000 0.602954567	3.758172854
4.200000000 0.652598218	3.963343757
4.210000000 0.705057078	4.172342286
4.220000000 0.760364760	4.384713649
4.230000000 0.818542808	4.599982508
4.240000000 0.879599846	4.817657290
4.250000000 0.943530814	5.037234854
4.260000000 1.010316312	5.258205435
4.270000000 1.079922070	5.480057823
4.280000000 1.152298563	5.702284697
4.290000000 1.227380776	5.924388032
4.300000000 1.305088151	6.145884508
4.310000000 1.385324709	6.366310832
4.320000000 1.467979374	6.585228883
4.330000000 1.552926493	6.802230607
4.340000000 1.640026563	7.016942562
4.350000000 1.729127167	7.229030040
4.360000000 1.820064111	7.438200698
4.370000000 1.912662763	7.644207612
4.380000000 2.006739574	7.846851706
4.390000000 2.102103778	8.045983509
4.400000000 2.198559243	8.241504188
4.410000000 2.295906458	8.433365838
4.420000000 2.393944628	8.621571023
4.430000000 2.492473848	8.806171549
4.440000000 2.591297327	8.987266509
4.450000000 2.690223627	9.164999602
4.460000000 2.789068878	9.339555798
4.470000000 2.887658942	9.511157375
4.480000000 2.985831479	9.680059423
4.490000000 3.083437887	9.846544879
4.500000000 3.180345072	10.010919186
4.510000000 3.276437027	10.173504680
4.520000000 3.371616171	10.334634793
4.530000000 3.465804438	10.494648202
4.540000000 3.558944088	10.653883007
4.550000000 3.650998211	10.812671072
4.560000000 3.741950923	10.971332611
4.570000000 3.831807238	11.130171134
4.580000000 3.920592620	11.289468847
4.590000000 4.008352216	11.449482571
4.600000000 4.095149771	11.610440281
4.610000000 4.181066265	11.772538292
4.620000000 4.266198261	11.935939165
4.630000000 4.350656026	12.100770350
4.640000000 4.434561428	12.267123573
4.650000000 4.518045668	12.435054987
4.660000000 4.601246875	12.604586044
4.670000000 4.684307608	12.775705081
4.680000000 4.767372321	12.948369541
4.690000000 4.850584828	13.122508802
4.700000000 4.934085817	13.298027515
4.710000000 5.018010462	13.474809372
4.720000000 5.102486174	13.652721223
4.730000000 5.187630533	13.831617433
4.740000000 5.273549447	14.011344369
4.750000000 5.360335552	14.191744938
4.760000000 5.448066900	14.372663038
4.770000000 5.536805953	14.553947852
4.780000000 5.626598886	14.735457871
4.790000000 5.717475224	14.917064561
4.800000000 5.809447812	15.098655602
4.810000000 5.902513096	15.280137624
4.820000000 5.996651733	15.461438384
4.830000000 6.091829486	15.642508356
4.840000000 6.187998390	15.823321685
4.850000000 6.285098161	16.003876508
4.860000000 6.383057809	16.184194644
4.870000000 6.481797418	16.364320664
4.880000000 6.581230051	16.544320366
4.890000000 6.681263731	16.724278724
4.900000000 6.781803467	16.904297327
4.910000000 6.882753262	17.084491416
4.920000000 6.984018068	17.264986559
4.930000000 7.085505649	17.445915064
4.940000000 7.187128303	17.627412210
4.950000000 7.288804416	17.809612379
4.960000000 7.390459813	17.992645183
4.970000000 7.492028884	18.176631677
4.980000000 7.593455461	18.361680719
4.990000000 7.694693432	18.547885588
5.000000000 7.795707099	18.735320897
5.010000000 7.896471253	18.924039886
5.020000000 7.996971003	19.114072138
5.030000000 8.097201348	19.305421759
5.040000000 8.197166518	19.498066056
5.050000000 8.296879110	19.691954737
5.060000000 8.396359045	19.887009631
5.070000000 8.495632371	20.083124934
5.080000000 8.594729953	20.280167965
5.090000000 8.693686088	20.477980412
5.100000000 8.792537072	20.676380034
5.110000000 8.891319766	20.875162780
5.120000000 8.990070189	21.074105281
5.130000000 9.088822176	21.272967664
5.140000000 9.187606134	21.471496635
5.150000000 9.286447925	21.669428765
5.160000000 9.385367888	21.866493935
5.170000000 9.484380038	22.062418867
5.180000000 9.583491448	22.256930687
5.190000000 9.682701821	22.449760470
5.200000000 9.782003266	22.640646699
5.210000000 9.881380276	22.829338601
5.220000000 9.980809899	23.015599299
5.230000000 10.080262104	23.199208749
5.240000000 10.179700319	23.379966409
5.250000000 10.279082137	23.557693624
5.260000000 10.378360166	23.732235670
5.270000000 10.477483006	23.903463459
5.280000000 10.576396322	24.071274863
5.290000000 10.675044011	24.235595653
5.300000000 10.773369421	24.396380034
5.310000000 10.871316601	24.553610772
5.320000000 10.968831576	24.707298906
5.330000000 11.065863605	24.857483056
5.340000000 11.162366415	25.004228321
5.350000000 11.258299382	25.147624792
5.360000000 11.353628658	25.287785682
5.370000000 11.448328203	25.424845108
5.380000000 11.542380735	25.558955550
5.390000000 11.635778562	25.690285014
5.400000000 11.728524301	25.819013939
5.410000000 11.820631464	25.945331903
5.420000000 11.912124902	26.069434158
5.430000000 12.003041112	26.191518073
5.440000000 12.093428379	26.311779518
5.450000000 12.183346764	26.430409282
5.460000000 12.272867923	26.547589556
5.470000000 12.362074764	26.663490593
5.480000000 12.451060921	26.778267571
5.490000000 12.539930056	26.892057765
5.500000000 12.628794991	27.004978077
5.510000000 12.717776654	27.117122992
5.520000000 12.807002861	27.228563025
5.530000000 12.896606927	27.339343713
5.540000000 12.986726117	27.449485188
5.550000000 13.077499945	27.558982382
5.560000000 13.169068340	27.667805879
5.570000000 13.261569688	27.775903429
5.580000000 13.355138777	27.883202122
5.590000000 13.449904666	27.989611213
5.600000000 13.545988502	28.095025553
5.610000000 13.643501323	28.199329600
5.620000000 13.742541872	28.302401930
5.630000000 13.843194469	28.404120193
5.640000000 13.945526970	28.504366404
5.650000000 14.049588861	28.603032481
5.660000000 14.155409526	28.700025918
5.670000000 14.262996731	28.795275464
5.680000000 14.372335367	28.888736689
5.690000000 14.483386491	28.980397294
5.700000000 14.596086705	29.070282042
5.710000000 14.710347902	29.158457168
5.720000000 14.826057417	29.245034142
5.730000000 14.943078601	29.330172666
5.740000000 15.061251839	29.414082782
5.750000000 15.180396024	29.497026001
5.760000000 15.300310496	29.579315359
5.770000000 15.420777433	29.661314334
5.780000000 15.541564692	29.743434578
5.790000000 15.662429073	29.826132421
5.800000000 15.783119982	29.909904163
5.810000000 15.903383457	29.995280142
5.820000000 16.022966507	30.082817643
5.830000000 16.141621718	30.173092694
5.840000000 16.259112059	30.266690846
5.850000000 16.375215840	30.364197032
5.860000000 16.489731724	30.466184652
5.870000000 16.602483754	30.573204019
5.880000000 16.713326280	30.685770338
5.890000000 16.822148744	30.804351394
5.900000000 16.928880215	30.929355148
5.910000000 17.033493611	31.061117443
5.920000000 17.136009528	31.199890014
5.930000000 17.236499597	31.345829029
5.940000000 17.335089309	31.498984367
5.950000000 17.431960240	31.659289821
5.960000000 17.527351611	31.826554443
5.970000000 17.621561147	32.000455208
5.980000000 17.714945184	32.180531162
5.990000000 17.807917988	32.366179211
6.000000000 17.900950273	32.556651684
6.010000000 17.994566892	32.751055775
6.020000000 18.089343700	32.948354951
6.030000000 18.185903600	33.147372372
6.040000000 18.284911783	33.346796363
6.050000000 18.387070185	33.545187922
6.060000000 18.493111203	33.740990243
6.070000000 18.603790716	33.932540175
6.080000000 18.719880457	34.118081533
6.090000000 18.842159812	34.295780137
6.100000000 18.971407109	34.463740418
6.110000000 19.108390482	34.620023419
6.120000000 19.253858395	34.762665993
6.130000000 19.408529928	34.889700955
6.140000000 19.573084907	34.999177973
6.150000000 19.748154007	35.089184903
6.160000000 19.934308920	35.157869336
6.170000000 20.132052712	35.203460050
6.180000000 20.341810473	35.224288094
6.190000000 20.563920399	35.218807221
6.200000000 20.798625398	35.185613400
6.210000000 21.046065361	35.123463117
6.220000000 21.306270203	35.031290232
6.230000000 21.579153790	34.908221125
6.240000000 21.864508863	34.753587943
6.250000000 22.162003063	34.566939714
6.260000000 22.471176151	34.348051192
6.270000000 22.791438520	34.096929268
6.280000000 23.122071067	33.813816847
6.290000000 23.462226497	33.499194128
6.300000000 23.810932115	33.153777221
6.310000000 24.167094138	32.778514119
6.320000000 24.529503554	32.374578047
6.330000000 24.896843529	31.943358255
6.340000000 25.267698347	31.486448361
6.350000000 25.640563844	31.005632367
6.360000000 26.013859292	30.502868527
6.370000000 26.385940630	29.980271259
6.380000000 26.755114964	29.440091304
6.390000000 27.119656196	28.884694405
6.400000000 27.477821642	28.316538735
6.410000000 27.827869472	27.738151371
6.420000000 28.168076777	27.152104100
6.430000000 28.496758068	26.560988845
6.440000000 28.812283972	25.967393004
6.450000000 29.113099891	25.373875020
6.460000000 29.397744384	24.782940449
6.470000000 29.664866999	24.197018820
6.480000000 29.913245309	23.618441552
6.490000000 30.141800882	23.049421189
6.500000000 30.349613927	22.492032174
6.510000000 30.535936376	21.948193376
6.520000000 30.700203146	21.419652568
6.530000000 30.842041384	20.907972998
6.540000000 30.961277477	20.414522198
6.550000000 31.057941664	19.940463122
6.560000000 31.132270106	19.486747697
6.570000000 31.184704296	19.054112812
6.580000000 31.215887746	18.643078768
6.590000000 31.226659911	18.253950155
6.600000000 31.218047358	17.886819126
6.610000000 31.191252220	17.541570957
6.620000000 31.147638051	17.217891821
6.630000000 31.088713188	16.915278619
6.640000000 31.016111827	16.633050727
6.650000000 30.931573010	16.370363471
6.660000000 30.836917798	16.126223147
6.670000000 30.734024911	15.899503367
6.680000000 30.624805173	15.688962509
6.690000000 30.511175103	15.493262034
6.700000000 30.395030033	15.310985440
6.710000000 30.278217142	15.140657588
6.720000000 30.162508807	14.980764171
6.730000000 30.049576672	14.829771083
6.740000000 29.940966845	14.686143430
6.750000000 29.838076601	14.548363984
6.760000000 29.742132976	14.414950839
6.770000000 29.654173601	14.284474079
6.780000000 29.575030090	14.155571265
6.790000000 29.505314286	14.026961581
6.800000000 29.445407580	13.897458498
6.810000000 29.395453539	13.765980815
6.820000000 29.355353954	13.631562012
6.830000000 29.324768435	13.493357812
6.840000000 29.303117575	13.350651931
6.850000000 29.289589669	13.202859988
6.860000000 29.283150919	13.049531586
6.870000000 29.282558984	12.890350589
6.880000000 29.286379706	12.725133678
6.890000000 29.293006752	12.553827239
6.900000000 29.300683899	12.376502704
6.910000000 29.307529627	12.193350469
6.920000000 29.311563648	12.004672518
6.930000000 29.310734974	11.810873914
6.940000000 29.302951083	11.612453326
6.950000000 29.286107756	11.409992754
6.960000000 29.258119112	11.204146641
6.970000000 29.216947383	10.995630548
6.980000000 29.160631987	10.785209565
6.990000000 29.087317449	10.573686649
7.000000000 28.995279751	10.361891037
7.010000000 28.882950726	10.150666903
7.020000000 28.748940135	9.940862409
7.030000000 28.592055123	9.733319263
7.040000000 28.411316774	9.528862931
7.050000000 28.205973567	9.328293563
7.060000000 27.975511550	9.132377752
7.070000000 27.719661145	8.941841165
7.080000000 27.438400536	8.757362097
7.090000000 27.131955631	8.579565977
7.100000000 26.800796692	8.409020838
7.110000000 26.445631729	8.246233727
7.120000000 26.067396849	8.091648062
7.130000000 25.667243755	7.945641867
7.140000000 25.246524679	7.808526865
7.150000000 24.806775018	7.680548355
7.160000000 24.349694013	7.561885812
7.170000000 23.877123804	7.452654150
7.180000000 23.391027225	7.352905552
7.190000000 22.893464704	7.262631808
7.200000000 22.386570641	7.181767083
7.210000000 21.872529611	7.110191031
7.220000000 21.353552755	7.047732199
7.230000000 20.831854682	6.994171632
7.240000000 20.309631189	6.949246653
7.250000000 19.789038075	6.912654722
7.260000000 19.272171293	6.884057365
7.270000000 18.761048661	6.863084108
7.280000000 18.257593285	6.849336394
7.290000000 17.763618856	6.842391450
7.300000000 17.280816892	6.841806101
7.310000000 16.810746004	6.847120491
7.320000000 16.354823205	6.857861729
7.330000000 15.914317246	6.873547439
7.340000000 15.490343948	6.893689218
7.350000000 15.083863454	6.917796006
7.360000000 14.695679315	6.945377361
7.370000000 14.326439288	6.975946656
7.380000000 13.976637724	7.009024182
7.390000000 13.646619401	7.044140167
7.400000000 13.336584645	7.080837713
7.410000000 13.046595597	7.118675626
7.420000000 12.776583451	7.157231154
7.430000000 12.526356517	7.196102606
7.440000000 12.295608963	7.234911835
7.450000000 12.083930067	7.273306581
7.460000000 11.890813875	7.310962632
7.470000000 11.715669105	7.347585797
7.480000000 11.557829205	7.382913656
7.490000000 11.416562439	7.416717060
7.500000000 11.291081930	7.448801357
7.510000000 11.180555544	7.479007324
7.520000000 11.084115578	7.507211764
7.530000000 11.000868158	7.533327769
7.540000000 10.929902313	7.557304611
7.550000000 10.870298665	7.579127265
7.560000000 10.821137704	7.598815537
7.570000000 10.781507617	7.616422816
7.580000000 10.750511622	7.632034436
7.590000000 10.727274816	7.645765663
7.600000000 10.710950482	7.657759335
7.610000000 10.700725858	7.668183157
7.620000000 10.695827346	7.677226696
7.630000000 10.695525143	7.685098112
7.640000000 10.699137288	7.692020648
7.650000000 10.706033107	7.698228953
7.660000000 10.715636055	7.703965252
7.670000000 10.727425952	7.709475447
7.680000000 10.740940591	7.715005182
7.690000000 10.755776749	7.720795937
7.700000000 10.771590573	7.727081196
7.710000000 10.788097372	7.734082753
7.720000000 10.805070817	7.742007198
7.730000000 10.822341567	7.751042638
7.740000000 10.839795343	7.761355693
7.750000000 10.857370478	7.773088799
7.760000000 10.875054977	7.786357872
7.770000000 10.892883114	7.801250338
7.780000000 10.910931619	7.817823565
7.790000000 10.929315497	7.836103704
7.800000000 10.948183524	7.856084958
7.810000000 10.967713474	7.877729270
7.820000000 10.988107142	7.900966429
7.830000000 11.009585205	7.925694592
7.840000000 11.032381987	7.951781189
7.850000000 11.056740192	7.979064212
7.860000000 11.082905653	8.007353844
7.870000000 11.111122157	8.036434408
7.880000000 11.141626411	8.066066598
7.890000000 11.174643184	8.095989965
7.900000000 11.210380691	8.125925611
7.910000000 11.249026258	8.155579055
7.920000000 11.290742303	8.184643241
7.930000000 11.335662690	8.212801627
7.940000000 11.383889465	8.239731342
7.950000000 11.435490018	8.265106355
7.960000000 11.490494685	8.288600621
7.970000000 11.548894816	8.309891178
7.980000000 11.610641311	8.328661152
7.990000000 11.675643638	8.344602649
8.000000000 11.743769331	8.357419493
8.010000000 11.814843968	8.366829804
8.020000000 11.888651624	8.372568371
8.030000000 11.964935777	8.374388824
8.040000000 12.043400663	8.372065570
8.050000000 12.123713052	8.365395492
8.060000000 12.205504421	8.354199402
8.070000000 12.288373501	8.338323225
8.080000000 12.371889163	8.317638937
8.090000000 12.455593608	8.292045235
8.100000000 12.539005833	8.261467951
8.110000000 12.621625318	8.225860209
8.120000000 12.702935917	8.185202348
8.130000000 12.782409884	8.139501598
8.140000000 12.859512010	8.088791544
8.150000000 12.933703827	8.033131381
8.160000000 13.004447821	7.972604974
8.170000000 13.071211621	7.907319754
8.180000000 13.133472126	7.837405460
8.190000000 13.190719517	7.763012744
8.200000000 13.242461123	7.684311678
8.210000000 13.288225101	7.601490163
8.220000000 13.327563899	7.514752280
8.230000000 13.360057473	7.424316590
8.240000000 13.385316219	7.330414422
8.250000000 13.402983622	7.233288150
8.260000000 13.412738574	7.133189493
8.270000000 13.414297373	7.030377848
8.280000000 13.407415385	6.925118675
8.290000000 13.391888350	6.817681948
8.300000000 13.367553365	6.708340681
8.310000000 13.334289511	6.597369545
8.320000000 13.292018167	6.485043579
8.330000000 13.240702999	6.371636993
8.340000000 13.180349645	6.257422084
8.350000000 13.111005133	6.142668248
8.360000000 13.032757023	6.027641095
8.370000000 12.945732318	5.912601658
8.380000000 12.850096165	5.797805695
8.390000000 12.746050357	5.683503079
8.400000000 12.633831682	5.569937256
8.410000000 12.513710123	5.457344781
8.420000000 12.385986946	5.345954898
8.430000000 12.250992689	5.235989178
8.440000000 12.109085082	5.127661187
8.450000000 11.960646904	5.021176190
8.460000000 11.806083803	4.916730861
8.470000000 11.645822091	4.814513015
8.480000000 11.480306517	4.714701340
8.490000000 11.309998045	4.617465119
8.500000000 11.135371619	4.522963963
8.510000000 10.956913952	4.431347513
8.520000000 10.775121312	4.342755151
8.530000000 10.590497330	4.257315689
8.540000000 10.403550821	4.175147059
8.550000000 10.214793622	4.096355984
8.560000000 10.024738453	4.021037669
8.570000000 9.833896791	3.949275479
8.580000000 9.642776774	3.881140636
8.590000000 9.451881124	3.816691940
8.600000000 9.261705099	3.755975504
8.610000000 9.072734486	3.699024533
8.620000000 8.885443621	3.645859139
8.630000000 8.700293468	3.596486203
8.640000000 8.517729745	3.550899297
8.650000000 8.338181118	3.509078661
8.660000000 8.162057471	3.470991247
8.670000000 7.989748261	3.436590833
8.680000000 7.821620970	3.405818212
8.690000000 7.658019671	3.378601445
8.700000000 7.499263711	3.354856201
8.710000000 7.345646529	3.334486161
8.720000000 7.197434615	3.317383495
8.730000000 7.054866625	3.303429413
8.740000000 6.918152648	3.292494771
8.750000000 6.787473649	3.284440747
8.760000000 6.662981075	3.279119564
8.770000000 6.544796640	3.276375265
8.780000000 6.433012277	3.276044526
8.790000000 6.327690274	3.277957510
8.800000000 6.228863563	3.281938743
8.810000000 6.136536192	3.287808018
8.820000000 6.050683939	3.295381310
8.830000000 5.971255085	3.304471701
8.840000000 5.898171317	3.314890307
8.850000000 5.831328769	3.326447206
8.860000000 5.770599175	3.338952353
8.870000000 5.715831121	3.352216490
8.880000000 5.666851401	3.366052031
8.890000000 5.623466438	3.380273935
8.900000000 5.585463783	3.394700549
8.910000000 5.552613662	3.409154429
8.920000000 5.524670565	3.423463132
8.930000000 5.501374874	3.437459970
8.940000000 5.482454507	3.450984739
8.950000000 5.467626572	3.463884406
8.960000000 5.456599035	3.476013759
8.970000000 5.449072375	3.487236013
8.980000000 5.444741232	3.497423380
8.990000000 5.443296042	3.506457584
9.000000000 5.444424647	3.514230337
9.010000000 5.447813881	3.520643758
9.020000000 5.453151116	3.525610738
9.030000000 5.460125788	3.529055258
9.040000000 5.468430870	3.530912636
9.050000000 5.477764305	3.531129722
9.060000000 5.487830391	3.529665029
9.070000000 5.498341113	3.526488796
9.080000000 5.509017418	3.521582987
9.090000000 5.519590425	3.514941222
9.100000000 5.529802566	3.506568641
9.110000000 5.539408663	3.496481702
9.120000000 5.548176916	3.484707905
9.130000000 5.555889816	3.471285457
9.140000000 5.562344963	3.456262876
9.150000000 5.567355799	3.439698522
9.160000000 5.570752238	3.421660083
9.170000000 5.572381197	3.402224000
9.180000000 5.572107021	3.381474847
9.190000000 5.569811811	3.359504664
9.200000000 5.565395631	3.336412252
9.210000000 5.558776619	3.312302436
9.220000000 5.549890986	3.287285300
9.230000000 5.538692911	3.261475402
9.240000000 5.525154336	3.234990973
9.250000000 5.509264662	3.207953106
9.260000000 5.491030350	3.180484943
9.270000000 5.470474438	3.152710863
9.280000000 5.447635976	3.124755681
9.290000000 5.422569387	3.096743850
9.300000000 5.395343758	3.068798692
9.310000000 5.366042081	3.041041633
9.320000000 5.334760431	3.013591479
9.330000000 5.301607106	2.986563704
9.340000000 5.266701735	2.960069776
9.350000000 5.230174340	2.934216508
9.360000000 5.192164391	2.909105451
9.370000000 5.152819831	2.884832309
9.380000000 5.112296089	2.861486408
9.390000000 5.070755082	2.839150182
9.400000000 5.028364215	2.817898721
9.410000000 4.985295366	2.797799339
9.420000000 4.941723876	2.778911201
9.430000000 4.897827537	2.761284980
9.440000000 4.853785572	2.744962575
9.450000000 4.809777626	2.729976857
9.460000000 4.765982748	2.716351484
9.470000000 4.722578382	2.704100752
9.480000000 4.679739356	2.693229509
9.490000000 4.637636879	2.683733117
9.500000000 4.596437542	2.675597478
9.510000000 4.556302332	2.668799112
9.520000000 4.517385654	2.663305300
9.530000000 4.479834374	2.659074291
9.540000000 4.443786887	2.656055563
9.550000000 4.409372208	2.654190154
9.560000000 4.376709100	2.653411056
9.570000000 4.345905252	2.653643663
9.580000000 4.317056497	2.654806289
9.590000000 4.290246097	2.656810736
9.600000000 4.265544093	2.659562918
9.610000000 4.243006733	2.662963539
9.620000000 4.222675978	2.666908814
9.630000000 4.204579112	2.671291229
9.640000000 4.188728434	2.676000340
9.650000000 4.175121074	2.680923597
9.660000000 4.163738902	2.685947184
9.670000000 4.154548566	2.690956884
9.680000000 4.147501630	2.695838933
9.690000000 4.142534846	2.700480888
9.700000000 4.139570532	2.704772468
9.710000000 4.138517070	2.708606385
9.720000000 4.139269513	2.711879148
9.730000000 4.141710300	2.714491823
9.740000000 4.145710072	2.716350765
9.750000000 4.151128582	2.717368285
9.760000000 4.157815685	2.717463278
9.770000000 4.165612412	2.716561779
9.780000000 4.174352099	2.714597457
9.790000000 4.183861581	2.711512050
9.800000000 4.193962421	2.707255711
9.810000000 4.204472180	2.701787298
9.820000000 4.215205703	2.695074578
9.830000000 4.225976419	2.687094361
9.840000000 4.236597644	2.677832560
9.850000000 4.246883872	2.667284174
9.860000000 4.256652049	2.655453203
9.870000000 4.265722818	2.642352492
9.880000000 4.273921737	2.628003516
9.890000000 4.281080445	2.612436091
9.900000000 4.287037782	2.595688037
9.910000000 4.291640859	2.577804788
9.920000000 4.294746060	2.558838947
9.930000000 4.296219982	2.538849800
9.940000000 4.295940308	2.517902799
9.950000000 4.293796595	2.496068997
9.960000000 4.289690997	2.473424471
9.970000000 4.283538895	2.450049710
9.980000000 4.275269448	2.426028992
9.990000000 4.264826051	2.401449749
10.000000000 4.252166707	2.376401916
10.010000000 4.237264297	2.350977289
10.020000000 4.220106761	2.325268874
10.030000000 4.200697168	2.299370250
10.040000000 4.179053697	2.273374935
10.050000000 4.155209506	2.247375772
10.060000000 4.129212497	2.221464327
10.070000000 4.101124980	2.195730312
10.080000000 4.071023223	2.170261030
10.090000000 4.038996910	2.145140848
10.100000000 4.005148484	2.120450699
10.110000000 3.969592394	2.096267618
10.120000000 3.932454251	2.072664310
10.130000000 3.893869882	2.049708753
10.140000000 3.853984310	2.027463848
10.150000000 3.812950648	2.005987099
10.160000000 3.770928925	1.985330335
10.170000000 3.728084852	1.965539483
10.180000000 3.684588543	1.946654373
10.190000000 3.640613187	1.928708594
10.200000000 3.596333709	1.911729390
10.210000000 3.551925401	1.895737599
10.220000000 3.507562567	1.880747644
10.230000000 3.463417178	1.866767551
10.240000000 3.419657549	1.853799030
10.250000000 3.376447068	1.841837579
10.260000000 3.333942967	1.830872642
10.270000000 3.292295172	1.820887801
10.280000000 3.251645224	1.811861002
10.290000000 3.212125292	1.803764826
10.300000000 3.173857287	1.796566785
10.310000000 3.136952080	1.790229657
10.320000000 3.101508839	1.784711846
10.330000000 3.067614483	1.779967766
10.340000000 3.035343262	1.775948261
10.350000000 3.004756461	1.772601030
10.360000000 2.975902231	1.769871081
10.370000000 2.948815548	1.767701197
10.380000000 2.923518289	1.766032412
10.390000000 2.900019432	1.764804492
10.400000000 2.878315366	1.763956427
10.410000000 2.858390307	1.763426916
10.420000000 2.840216817	1.763154848
10.430000000 2.823756400	1.763079782
10.440000000 2.808960195	1.763142407
10.450000000 2.795769723	1.763284988
10.460000000 2.784117703	1.763451797
10.470000000 2.773928912	1.763589509
10.480000000 2.765121082	1.763647580
10.490000000 2.757605829	1.763578590
10.500000000 2.751289587	1.763338551
10.510000000 2.746074564	1.762887171
10.520000000 2.741859679	1.762188091
10.530000000 2.738541495	1.761209063
10.540000000 2.736015134	1.759922090
10.550000000 2.734175152	1.758303524
10.560000000 2.732916391	1.756334104
10.570000000 2.732134783	1.753998956
10.580000000 2.731728109	1.751287542
10.590000000 2.731596707	1.748193557
10.600000000 2.731644123	1.744714791
10.610000000 2.731777711	1.740852933
10.620000000 2.731909161	1.736613351
10.630000000 2.731954978	1.732004816
10.640000000 2.731836887	1.727039211
10.650000000 2.731482184	1.721731195
10.660000000 2.730824013	1.716097852
10.670000000 2.729801590	1.710158318
10.680000000 2.728360354	1.703933394
10.690000000 2.726452068	1.697445153
10.700000000 2.724034853	1.690716541
10.710000000 2.721073162	1.683770989
10.720000000 2.717537707	1.676632024
10.730000000 2.713405326	1.669322909
10.740000000 2.708658799	1.661866291
10.750000000 2.703286628	1.654283881
10.760000000 2.697282756	1.646596167
10.770000000 2.690646264	1.638822152
10.780000000 2.683381019	1.630979140
10.790000000 2.675495302	1.623082554
10.800000000 2.667001400	1.615145801
10.810000000 2.657915180	1.607180179
10.820000000 2.648255655	1.599194830
10.830000000 2.638044525	1.591196729
10.840000000 2.627305724	1.583190729
10.850000000 2.616064964	1.575179635
10.860000000 2.604349284	1.567164321
10.870000000 2.592186614	1.559143884
10.880000000 2.579605355	1.551115826
10.890000000 2.566633979	1.543076271
10.900000000 2.553300666	1.535020191
10.910000000 2.539632961	1.526941668
10.920000000 2.525657478	1.518834154
10.930000000 2.511399642	1.510690750
10.940000000 2.496883469	1.502504479
10.950000000 2.482131399	1.494268564
10.960000000 2.467164174	1.485976690
10.970000000 2.452000756	1.477623263
10.980000000 2.436658307	1.469203645
10.990000000 2.421152200	1.460714370
11.000000000 2.405496089	1.452153336
11.010000000 2.389702007	1.443519968
11.020000000 2.373780515	1.434815354
11.030000000 2.357740873	1.426042340
11.040000000 2.341591253	1.417205600
11.050000000 2.325338965	1.408311670
11.060000000 2.308990707	1.399368941
11.070000000 2.292552828	1.390387622
11.080000000 2.276031591	1.381379672
11.090000000 2.259433445	1.372358697
11.100000000 2.242765279	1.363339815
11.110000000 2.226034676	1.354339499
11.120000000 2.209250139	1.345375393
11.130000000 2.192421302	1.336466107
11.140000000 2.175559106	1.327630998
11.150000000 2.158675950	1.318889933
11.160000000 2.141785806	1.310263045
11.170000000 2.124904297	1.301770481
11.180000000 2.108048734	1.293432157
11.190000000 2.091238121	1.285267503
11.200000000 2.074493118	1.277295226
11.210000000 2.057835965	1.269533070
11.220000000 2.041290375	1.261997606
11.230000000 2.024881390	1.254704021
11.240000000 2.008635210	1.247665938
11.250000000 1.992578995	1.240895251
11.260000000 1.976740645	1.234401985
11.270000000 1.961148560	1.228194179
11.280000000 1.945831390	1.222277794
11.290000000 1.930817777	1.216656651
11.300000000 1.916136087	1.211332386
11.310000000 1.901814149	1.206304440
11.320000000 1.887878993	1.201570064
11.330000000 1.874356601	1.197124358
11.340000000 1.861271661	1.192960319
11.350000000 1.848647349	1.189068923
11.360000000 1.836505110	1.185439213
11.370000000 1.824864474	1.182058414
11.380000000 1.813742877	1.178912051
11.390000000 1.803155515	1.175984087
11.400000000 1.793115206	1.173257067
11.410000000 1.783632283	1.170712270
11.420000000 1.774714497	1.168329862
11.430000000 1.766366946	1.166089060
11.440000000 1.758592015	1.163968289
11.450000000 1.751389335	1.161945343
11.460000000 1.744755751	1.159997539
11.470000000 1.738685315	1.158101876
11.480000000 1.733169270	1.156235181
11.490000000 1.728196065	1.154374255
11.500000000 1.723751363	1.152496008
11.510000000 1.719818064	1.150577598
11.520000000 1.716376337	1.148596553
11.530000000 1.713403656	1.146530893
11.540000000 1.710874847	1.144359242
11.550000000 1.708762143	1.142060939
11.560000000 1.707035246	1.139616139
11.570000000 1.705661409	1.137005913
11.580000000 1.704605521	1.134212335
11.590000000 1.703830216	1.131218574
11.600000000 1.703295990	1.128008978
11.610000000 1.702961342	1.124569148
11.620000000 1.702782939	1.120886014
11.630000000 1.702715792	1.116947910
11.640000000 1.702713467	1.112744629
11.650000000 1.702728309	1.108267495
11.660000000 1.702711703	1.103509410
11.670000000 1.702614344	1.098464906
11.680000000 1.702386547	1.093130192
11.690000000 1.701978561	1.087503189
11.700000000 1.701340921	1.081583558
11.710000000 1.700424805	1.075372727
11.720000000 1.699182408	1.068873904
11.730000000 1.697567329	1.062092083
11.740000000 1.695534960	1.055034040
11.750000000 1.693042881	1.047708323
11.760000000 1.690051244	1.040125228
11.770000000 1.686523157	1.032296767
11.780000000 1.682425044	1.024236627
11.790000000 1.677726994	1.015960120
11.800000000 1.672403076	1.007484115
11.810000000 1.666431633	0.998826973
11.820000000 1.659795538	0.990008460
11.830000000 1.652482405	0.981049661
11.840000000 1.644484774	0.971972875
11.850000000 1.635800235	0.962801509
11.860000000 1.626431513	0.953559963
11.870000000 1.616386507	0.944273500
11.880000000 1.605678276	0.934968118
11.890000000 1.594324975	0.925670408
11.900000000 1.582349752	0.916407410
11.910000000 1.569780584	0.907206459
11.920000000 1.556650088	0.898095031
11.930000000 1.542995269	0.889100577
11.940000000 1.528857246	0.880250359
11.950000000 1.514280940	0.871571282
11.960000000 1.499314720	0.863089719
11.970000000 1.484010039	0.854831339
11.980000000 1.468421030	0.846820932
11.990000000 1.452604099	0.839082238
12.000000000 1.436617491	0.831637774
12.010000000 1.420520853	0.824508666
12.020000000 1.404374790	0.817714489
12.030000000 1.388240412	0.811273107
12.040000000 1.372178893	0.805200533
12.050000000 1.356251027	0.799510786
12.060000000 1.340516793	0.794215771
12.070000000 1.325034934	0.789325172
12.080000000 1.309862550	0.784846354
12.090000000 1.295054700	0.780784292
12.100000000 1.280664038	0.777141520
12.110000000 1.266740453	0.773918090
12.120000000 1.253330750	0.771111569
12.130000000 1.240478344	0.768717049
12.140000000 1.228222987	0.766727188
12.150000000 1.216600531	0.765132270
12.160000000 1.205642710	0.763920291
12.170000000 1.195376970	0.763077076
12.180000000 1.185826319	0.762586407
12.190000000 1.177009232	0.762430181
12.200000000 1.168939575	0.762588590
12.210000000 1.161626579	0.763040308
12.220000000 1.155074850	0.763762703
12.230000000 1.149284420	0.764732057
12.240000000 1.144250833	0.765923796
12.250000000 1.139965271	0.767312724
12.260000000 1.136414719	0.768873260
12.270000000 1.133582167	0.770579675
12.280000000 1.131446838	0.772406320
12.290000000 1.129984455	0.774327846
12.300000000 1.129167531	0.776319417
12.310000000 1.128965687	0.778356902
12.320000000 1.129345984	0.780417049
12.330000000 1.130273274	0.782477642
12.340000000 1.131710566	0.784517633
12.350000000 1.133619390	0.786517252
12.360000000 1.135960167	0.788458089
12.370000000 1.138692574	0.790323153
12.380000000 1.141775895	0.792096906
12.390000000 1.145169370	0.793765269
12.400000000 1.148832507	0.795315605
12.410000000 1.152725387	0.796736684
12.420000000 1.156808932	0.798018622
12.430000000 1.161045145	0.799152804
12.440000000 1.165397322	0.800131796
12.450000000 1.169830219	0.800949236
12.460000000 1.174310192	0.801599722
12.470000000 1.178805290	0.802078696
12.480000000 1.183285326	0.802382319
12.490000000 1.187721893	0.802507352
12.500000000 1.192088363	0.802451039
12.510000000 1.196359841	0.802210994
12.520000000 1.200513102	0.801785106
12.530000000 1.204526490	0.801171444
12.540000000 1.208379809	0.800368185
12.550000000 1.212054183	0.799373556
12.560000000 1.215531918	0.798185788
12.570000000 1.218796345	0.796803094
12.580000000 1.221831670	0.795223660
12.590000000 1.224622819	0.793445655
12.600000000 1.227155296	0.791467259
12.610000000 1.229415049	0.789286706
12.620000000 1.231388358	0.786902339
12.630000000 1.233061734	0.784312681
12.640000000 1.234421847	0.781516516
12.650000000 1.235455479	0.778512972
12.660000000 1.236149502	0.775301618
12.670000000 1.236490885	0.771882555
12.680000000 1.236466730	0.768256515
12.690000000 1.236064337	0.764424943
12.700000000 1.235271292	0.760390091
12.710000000 1.234075587	0.756155084
12.720000000 1.232465756	0.751723990
12.730000000 1.230431034	0.747101865
12.740000000 1.227961534	0.742294788
12.750000000 1.225048426	0.737309880
12.760000000 1.221684137	0.732155296
12.770000000 1.217862539	0.726840210
12.780000000 1.213579146	0.721374769
12.790000000 1.208831294	0.715770032
12.800000000 1.203618313	0.710037893
12.810000000 1.197941680	0.704190982
12.820000000 1.191805149	0.698242551
12.830000000 1.185214853	0.692206347
12.840000000 1.178179380	0.686096466
12.850000000 1.170709813	0.679927209
12.860000000 1.162819734	0.673712923
12.870000000 1.154525191	0.667467835
12.880000000 1.145844631	0.661205895
12.890000000 1.136798790	0.654940614
12.900000000 1.127410547	0.648684910
12.910000000 1.117704743	0.642450959
12.920000000 1.107707969	0.636250067
12.930000000 1.097448321	0.630092541
12.940000000 1.086955128	0.623987590
12.950000000 1.076258663	0.617943239
12.960000000 1.065389830	0.611966258
12.970000000 1.054379845	0.606062126
12.980000000 1.043259908	0.600234998
12.990000000 1.032060876	0.594487714
13.000000000 1.020812936	0.588821816
13.010000000 1.009545299	0.583237595
13.020000000 0.998285898	0.577734153
13.030000000 0.987061116	0.572309489
13.040000000 0.975895538	0.566960602
13.050000000 0.964811726	0.561683607
13.060000000 0.953830038	0.556473869
13.070000000 0.942968479	0.551326140
13.080000000 0.932242583	0.546234718
13.090000000 0.921665346	0.541193593
13.100000000 0.911247195	0.536196616
13.110000000 0.900995990	0.531237648
13.120000000 0.890917077	0.526310725
13.130000000 0.881013369	0.521410205
13.140000000 0.871285466	0.516530911
13.150000000 0.861731808	0.511668268
13.160000000 0.852348854	0.506818423
13.170000000 0.843131289	0.501978357
13.180000000 0.834072249	0.497145980
13.190000000 0.825163567	0.492320209
13.200000000 0.816396028	0.487501035
13.210000000 0.807759631	0.482689567
13.220000000 0.799243862	0.477888067
13.230000000 0.790837953	0.473099956
13.240000000 0.782531149	0.468329819
13.250000000 0.774312959	0.463583382
13.260000000 0.766173398	0.458867477
13.270000000 0.758103209	0.454189997
13.280000000 0.750094073	0.449559830
13.290000000 0.742138795	0.444986785
13.300000000 0.734231468	0.440481506
13.310000000 0.726367612	0.436055374
13.320000000 0.718544291	0.431720402
13.330000000 0.710760202	0.427489122
13.340000000 0.703015739	0.423374464
13.350000000 0.695313027	0.419389628
13.360000000 0.687655939	0.415547958
13.370000000 0.680050081	0.411862809
13.380000000 0.672502753	0.408347409
13.390000000 0.665022888	0.405014732
13.400000000 0.657620972	0.401877357
13.410000000 0.650308941	0.398947345
13.420000000 0.643100056	0.396236105
13.430000000 0.636008767	0.393754279
13.440000000 0.629050557	0.391511620
13.450000000 0.622241774	0.389516889
13.460000000 0.615599454	0.387777752
13.470000000 0.609141128	0.386300692
13.480000000 0.602884629	0.385090929
13.490000000 0.596847888	0.384152357
13.500000000 0.591048729	0.383487483
13.510000000 0.585504666	0.383097399
13.520000000 0.580232698	0.382981743
13.530000000 0.575249105	0.383138700
13.540000000 0.570569260	0.383565001
13.550000000 0.566207437	0.384255946
13.560000000 0.562176641	0.385205438
13.570000000 0.558488442	0.386406036
13.580000000 0.555152828	0.387849019
13.590000000 0.552178075	0.389524467
13.600000000 0.549570635	0.391421351
13.610000000 0.547335044	0.393527640
13.620000000 0.545473850	0.395830412
13.630000000 0.543987570	0.398315980
13.640000000 0.542874662	0.400970018
13.650000000 0.542131526	0.403777702
13.660000000 0.541752533	0.406723841
13.670000000 0.541730068	0.409793022
13.680000000 0.542054609	0.412969746
13.690000000 0.542714820	0.416238566
13.700000000 0.543697669	0.419584214
13.710000000 0.544988567	0.422991734
13.720000000 0.546571523	0.426446587
13.730000000 0.548429320	0.429934770
13.740000000 0.550543698	0.433442901
13.750000000 0.552895554	0.436958311
13.760000000 0.555465147	0.440469109
13.770000000 0.558232313	0.443964238
13.780000000 0.561176672	0.447433523
13.790000000 0.564277848	0.450867691
13.800000000 0.567515676	0.454258390
13.810000000 0.570870405	0.457598184
13.820000000 0.574322888	0.460880542
13.830000000 0.577854766	0.464099808
13.840000000 0.581448632	0.467251163
13.850000000 0.585088181	0.470330575
13.860000000 0.588758335	0.473334738
13.870000000 0.592445354	0.476261004
13.880000000 0.596136920	0.479107311
13.890000000 0.599822203	0.481872100
13.900000000 0.603491893	0.484554229
13.910000000 0.607138220	0.487152894
13.920000000 0.610754939	0.489667535
13.930000000 0.614337299	0.492097752
13.940000000 0.617881985	0.494443223
13.950000000 0.621387038	0.496703623
13.960000000 0.624851755	0.498878546
13.970000000 0.628276572	0.500967441
13.980000000 0.631662924	0.502969545
13.990000000 0.635013100	0.504883831
14.000000000 0.638330076	0.506708964
14.010000000 0.641617342	0.508443261
14.020000000 0.644878725	0.510084672
14.030000000 0.648118201	0.511630756
14.040000000 0.651339712	0.513078682
14.050000000 0.654546978	0.514425229
14.060000000 0.657743320	0.515666806
14.070000000 0.660931486	0.516799471
14.080000000 0.664113486	0.517818966
14.090000000 0.667290440	0.518720762
14.100000000 0.670462446	0.519500104
14.110000000 0.673628456	0.520152071
14.120000000 0.676786181	0.520671636
14.130000000 0.679932005	0.521053731
14.140000000 0.683060933	0.521293321
14.150000000 0.686166553	0.521385470
14.160000000 0.689241030	0.521325416
14.170000000 0.692275115	0.521108641
14.180000000 0.695258186	0.520730943
14.190000000 0.698178308	0.520188497
14.200000000 0.701022320	0.519477922
14.210000000 0.703775938	0.518596332
14.220000000 0.706423885	0.517541388
14.230000000 0.708950032	0.516311340
14.240000000 0.711337559	0.514905057
14.250000000 0.713569133	0.513322058
14.260000000 0.715627084	0.511562523
14.270000000 0.717493607	0.509627302
14.280000000 0.719150952	0.507517915
14.290000000 0.720581624	0.505236537
14.300000000 0.721768585	0.502785984
14.310000000 0.722695436	0.500169681
14.320000000 0.723346613	0.497391633
14.330000000 0.723707555	0.494456385
14.340000000 0.723764867	0.491368974
14.350000000 0.723506464	0.488134886
14.360000000 0.722921706	0.484759998
14.370000000 0.722001499	0.481250534
14.380000000 0.720738394	0.477613004
14.390000000 0.719126648	0.473854158
14.400000000 0.717162275	0.469980932
14.410000000 0.714843070	0.466000400
14.420000000 0.712168614	0.461919736
14.430000000 0.709140256	0.457746167
14.440000000 0.705761077	0.453486943
14.450000000 0.702035835	0.449149308
14.460000000 0.697970896	0.444740474
14.470000000 0.693574145	0.440267604
14.480000000 0.688854890	0.435737800
14.490000000 0.683823749	0.431158096
14.500000000 0.678492539	0.426535455
14.510000000 0.672874144	0.421876770
14.520000000 0.666982395	0.417188869
14.530000000 0.660831936	0.412478524
14.540000000 0.654438099	0.407752462
14.550000000 0.647816771	0.403017372
14.560000000 0.640984282	0.398279923
14.570000000 0.633957275	0.393546769
14.580000000 0.626752605	0.388824562
14.590000000 0.619387231	0.384119957
14.600000000 0.611878125	0.379439620
14.610000000 0.604242181	0.374790230
14.620000000 0.596496141	0.370178473
14.630000000 0.588656530	0.365611041
14.640000000 0.580739591	0.361094621
14.650000000 0.572761242	0.356635879
14.660000000 0.564737031	0.352241446
14.670000000 0.556682105	0.347917895
14.680000000 0.548611178	0.343671714
14.690000000 0.540538519	0.339509283
14.700000000 0.532477931	0.335436839
14.710000000 0.524442746	0.331460449
14.720000000 0.516445814	0.327585974
14.730000000 0.508499507	0.323819034
14.740000000 0.500615716	0.320164981
14.750000000 0.492805855	0.316628861
14.760000000 0.485080864	0.313215389
14.770000000 0.477451214	0.309928920
14.780000000 0.469926914	0.306773421
14.790000000 0.462517515	0.303752457
14.800000000 0.455232118	0.300869171
14.810000000 0.448079380	0.298126271
14.820000000 0.441067517	0.295526028
14.830000000 0.434204315	0.293070268
14.840000000 0.427497128	0.290760382
14.850000000 0.420952890	0.288597326
14.860000000 0.414578118	0.286581643
14.870000000 0.408378916	0.284713473
14.880000000 0.402360983	0.282992580
14.890000000 0.396529616	0.281418375
14.900000000 0.390889722	0.279989943
14.910000000 0.385445819	0.278706077
14.920000000 0.380202047	0.277565307
14.930000000 0.375162177	0.276565935
14.940000000 0.370329619	0.275706065
14.950000000 0.365707431	0.274983642
14.960000000 0.361298330	0.274396473
14.970000000 0.357104705	0.273942264
14.980000000 0.353128624	0.273618639
14.990000000 0.349371848	0.273423164
15.000000000 0.345835840	0.273353365
15.010000000 0.342521776	0.273406738
15.020000000 0.339430553	0.273580757
15.030000000 0.336562800	0.273872878
15.040000000 0.333918882	0.274280533
15.050000000 0.331498904	0.274801124
15.060000000 0.329302716	0.275432006
15.070000000 0.327329913	0.276170472
15.080000000 0.325579828	0.277013733
15.090000000 0.324051533	0.277958886
15.100000000 0.322743825	0.279002890
15.110000000 0.321655217	0.280142536
15.120000000 0.320783921	0.281374416
15.130000000 0.320127835	0.282694888
15.140000000 0.319684516	0.284100054
15.150000000 0.319451163	0.285585727
15.160000000 0.319424590	0.287147408
15.170000000 0.319601199	0.288780266
15.180000000 0.319976956	0.290479127
15.190000000 0.320547361	0.292238459
15.200000000 0.321307425	0.294052375
15.210000000 0.322251644	0.295914639
15.220000000 0.323373977	0.297818674
15.230000000 0.324667830	0.299757588
15.240000000 0.326126039	0.301724201
15.250000000 0.327740862	0.303711083
15.260000000 0.329503979	0.305710597
15.270000000 0.331406495	0.307714953
15.280000000 0.333438953	0.309716265
15.290000000 0.335591354	0.311706612
15.300000000 0.337853188	0.313678114
15.310000000 0.340213470	0.315622992
15.320000000 0.342660793	0.317533653
15.330000000 0.345183380	0.319402758
15.340000000 0.347769155	0.321223295
15.350000000 0.350405814	0.322988657
15.360000000 0.353080911	0.324692702
15.370000000 0.355781944	0.326329826
15.380000000 0.358496456	0.327895009
15.390000000 0.361212131	0.329383875
15.400000000 0.363916901	0.330792728
15.410000000 0.366599048	0.332118581
15.420000000 0.369247317	0.333359184
15.430000000 0.371851013	0.334513031
15.440000000 0.374400108	0.335579356
15.450000000 0.376885335	0.336558127
15.460000000 0.379298275	0.337450017
15.470000000 0.381631444	0.338256372
15.480000000 0.383878358	0.338979165
15.490000000 0.386033596	0.339620940
15.500000000 0.388092841	0.340184752
15.510000000 0.390052917	0.340674088
15.520000000 0.391911803	0.341092798
15.530000000 0.393668633	0.341445006
15.540000000 0.395323681	0.341735028
15.550000000 0.396878331	0.341967281
15.560000000 0.398335025	0.342146198
15.570000000 0.399697203	0.342276142
15.580000000 0.400969224	0.342361321
15.590000000 0.402156270	0.342405714
15.600000000 0.403264246	0.342413001
15.610000000 0.404299659	0.342386496
15.620000000 0.405269499	0.342329094
15.630000000 0.406181099	0.342243233
15.640000000 0.407042008	0.342130852
15.650000000 0.407859843	0.341993379
15.660000000 0.408642154	0.341831715
15.670000000 0.409396285	0.341646240
15.680000000 0.410129244	0.341436824
15.690000000 0.410847573	0.341202854
15.700000000 0.411557234	0.340943272
15.710000000 0.412263504	0.340656613
15.720000000 0.412970881	0.340341069
15.730000000 0.413683007	0.339994539
15.740000000 0.414402605	0.339614706
15.750000000 0.415131435	0.339199098
15.760000000 0.415870265	0.338745172
15.770000000 0.416618862	0.338250379
15.780000000 0.417375999	0.337712245
15.790000000 0.418139480	0.337128435
15.800000000 0.418906183	0.336496831
15.810000000 0.419672116	0.335815585
15.820000000 0.420432489	0.335083178
15.830000000 0.421181800	0.334298470
15.840000000 0.421913925	0.333460739
15.850000000 0.422622231	0.332569706
15.860000000 0.423299675	0.331625563
15.870000000 0.423938929	0.330628979
15.880000000 0.424532494	0.329581098
15.890000000 0.425072812	0.328483533
15.900000000 0.425552389	0.327338343
15.910000000 0.425963901	0.326148003
15.920000000 0.426300295	0.324915371
15.930000000 0.426554892	0.323643640
15.940000000 0.426721466	0.322336284
15.950000000 0.426794325	0.320997007
15.960000000 0.426768370	0.319629678
15.970000000 0.426639147	0.318238269
15.980000000 0.426402886	0.316826790
15.990000000 0.426056524	0.315399224
16.000000000 0.425597716	0.313959462
16.010000000 0.425024833	0.312511242
16.020000000 0.424336951	0.311058091
16.030000000 0.423533823	0.309603272
16.040000000 0.422615847	0.308149732
16.050000000 0.421584018	0.306700064
16.060000000 0.420439882	0.305256468
16.070000000 0.419185475	0.303820725
16.080000000 0.417823262	0.302394175
16.090000000 0.416356067	0.300977707
16.100000000 0.414787015	0.299571751
16.110000000 0.413119455	0.298176282
16.120000000 0.411356898	0.296790835
16.130000000 0.409502953	0.295414516
16.140000000 0.407561262	0.294046034
16.150000000 0.405535449	0.292683730
16.160000000 0.403429065	0.291325615
16.170000000 0.401245543	0.289969416
16.180000000 0.398988160	0.288612616
16.190000000 0.396660004	0.287252516
16.200000000 0.394263952	0.285886278
16.210000000 0.391802650	0.284510992
16.220000000 0.389278500	0.283123724
16.230000000 0.386693665	0.281721579
16.240000000 0.384050064	0.280301759
16.250000000 0.381349389	0.278861614
16.260000000 0.378593115	0.277398699
16.270000000 0.375782528	0.275910824
16.280000000 0.372918746	0.274396100
16.290000000 0.370002752	0.272852980
16.300000000 0.367035430	0.271280299
16.310000000 0.364017600	0.269677301
16.320000000 0.360950058	0.268043665
16.330000000 0.357833617	0.266379527
16.340000000 0.354669148	0.264685483
16.350000000 0.351457621	0.262962598
16.360000000 0.348200146	0.261212402
16.370000000 0.344898013	0.259436874
16.380000000 0.341552725	0.257638427
16.390000000 0.338166038	0.255819877
16.400000000 0.334739984	0.253984414
16.410000000 0.331276901	0.252135558
16.420000000 0.327779456	0.250277113
16.430000000 0.324250659	0.248413114
16.440000000 0.320693872	0.246547776
16.450000000 0.317112820	0.244685422
16.460000000 0.313511586	0.242830431
16.470000000 0.309894604	0.240987162
16.480000000 0.306266646	0.239159896
16.490000000 0.302632805	0.237352762
16.500000000 0.298998465	0.235569676
16.510000000 0.295369271	0.233814274
16.520000000 0.291751093	0.232089855
16.530000000 0.288149983	0.230399326
16.540000000 0.284572125	0.228745150
16.550000000 0.281023786	0.227129303
16.560000000 0.277511260	0.225553238
16.570000000 0.274040812	0.224017857
16.580000000 0.270618616	0.222523492
16.590000000 0.267250695	0.221069891
16.600000000 0.263942858	0.219656217
16.610000000 0.260700642	0.218281060
16.620000000 0.257529252	0.216942448
16.630000000 0.254433502	0.215637876
16.640000000 0.251417764	0.214364341
16.650000000 0.248485916	0.213118383
16.660000000 0.245641298	0.211896138
16.670000000 0.242886672	0.210693394
16.680000000 0.240224189	0.209505653
16.690000000 0.237655361	0.208328203
16.700000000 0.235181041	0.207156185
16.710000000 0.232801413	0.205984670
16.720000000 0.230515984	0.204808735
16.730000000 0.228323588	0.203623539
16.740000000 0.226222396	0.202424395
16.750000000 0.224209936	0.201206846
16.760000000 0.222283118	0.199966734
16.770000000 0.220438265	0.198700264
16.780000000 0.218671158	0.197404061
16.790000000 0.216977075	0.196075227
16.800000000 0.215350851	0.194711388
16.810000000 0.213786928	0.193310725
16.820000000 0.212279422	0.191872014
16.830000000 0.210822186	0.190394638
16.840000000 0.209408879	0.188878607
16.850000000 0.208033037	0.187324558
16.860000000 0.206688143	0.185733751
16.870000000 0.205367702	0.184108055
16.880000000 0.204065311	0.182449927
16.890000000 0.202774730	0.180762383
16.900000000 0.201489950	0.179048958
16.910000000 0.200205258	0.177313666
16.920000000 0.198915303	0.175560950
16.930000000 0.197615145	0.173795627
16.940000000 0.196300318	0.172022830
16.950000000 0.194966867	0.170247947
16.960000000 0.193611396	0.168476557
16.970000000 0.192231096	0.166714366
16.980000000 0.190823777	0.164967138
16.990000000 0.189387886	0.163240638
17.000000000 0.187922517	0.161540557
17.010000000 0.186427418	0.159872460
17.020000000 0.184902991	0.158241725
17.030000000 0.183350275	0.156653486
17.040000000 0.181770934	0.155112585
17.050000000 0.180167231	0.153623522
17.060000000 0.178541995	0.152190420
17.070000000 0.176898586	0.150816987
17.080000000 0.175240851	0.149506485
17.090000000 0.173573073	0.148261708
17.100000000 0.171899922	0.147084966
17.110000000 0.170226398	0.145978072
17.120000000 0.168557766	0.144942337
17.130000000 0.166899502	0.143978568
17.140000000 0.165257222	0.143087079
17.150000000 0.163636622	0.142267698
17.160000000 0.162043411	0.141519785
17.170000000 0.160483251	0.140842250
17.180000000 0.158961691	0.140233581
17.190000000 0.157484113	0.139691872
17.200000000 0.156055670	0.139214850
17.210000000 0.154681237	0.138799913
17.220000000 0.153365365	0.138444166
17.230000000 0.152112233	0.138144454
17.240000000 0.150925614	0.137897406
17.250000000 0.149808841	0.137699471
17.260000000 0.148764784	0.137546955
17.270000000 0.147795824	0.137436065
17.280000000 0.146903849	0.137362940
17.290000000 0.146090237	0.137323693
17.300000000 0.145355863	0.137314443
17.310000000 0.144701099	0.137331348
17.320000000 0.144125827	0.137370637
17.330000000 0.143629455	0.137428637
17.340000000 0.143210938	0.137501799
17.350000000 0.142868805	0.137586726
17.360000000 0.142601188	0.137680185
17.370000000 0.142405855	0.137779132
17.380000000 0.142280246	0.137880725
17.390000000 0.142221514	0.137982338
17.400000000 0.142226559	0.138081569
17.410000000 0.142292074	0.138176247
17.420000000 0.142414581	0.138264443
17.430000000 0.142590474	0.138344468
17.440000000 0.142816057	0.138414879
17.450000000 0.143087580	0.138474474
17.460000000 0.143401273	0.138522298
17.470000000 0.143753381	0.138557634
17.480000000 0.144140190	0.138580004
17.490000000 0.144558055	0.138589161
17.500000000 0.145003419	0.138585089
17.510000000 0.145472834	0.138567996
17.520000000 0.145962973	0.138538304
17.530000000 0.146470644	0.138496653
17.540000000 0.146992794	0.138443886
17.550000000 0.147526511	0.138381048
17.560000000 0.148069030	0.138309381
17.570000000 0.148617727	0.138230313
17.580000000 0.149170111	0.138145459
17.590000000 0.149723825	0.138056607
17.600000000 0.150276629	0.137965719
17.610000000 0.150826397	0.137874916
17.620000000 0.151371100	0.137786479
17.630000000 0.151908803	0.137702830
17.640000000 0.152437648	0.137626533
17.650000000 0.152955851	0.137560275
17.660000000 0.153461687	0.137506859
17.670000000 0.153953489	0.137469187
17.680000000 0.154429640	0.137450249
17.690000000 0.154888571	0.137453100
17.700000000 0.155328759	0.137480849
17.710000000 0.155748730	0.137536634
17.720000000 0.156147061	0.137623599
17.730000000 0.156522387	0.137744875
17.740000000 0.156873407	0.137903548
17.750000000 0.157198896	0.138102640
17.760000000 0.157497713	0.138345074
17.770000000 0.157768816	0.138633647
17.780000000 0.158011274	0.138971003
17.790000000 0.158224280	0.139359599
17.800000000 0.158407166	0.139801677
17.810000000 0.158559418	0.140299231
17.820000000 0.158680685	0.140853983
17.830000000 0.158770796	0.141467350
17.840000000 0.158829766	0.142140423
17.850000000 0.158857810	0.142873936
17.860000000 0.158855345	0.143668253
17.870000000 0.158823001	0.144523344
17.880000000 0.158761618	0.145438771
17.890000000 0.158672249	0.146413678
17.900000000 0.158556160	0.147446785
17.910000000 0.158414822	0.148536382
17.920000000 0.158249906	0.149680335
17.930000000 0.158063274	0.150876089
17.940000000 0.157856965	0.152120683
17.950000000 0.157633187	0.153410764
17.960000000 0.157394298	0.154742610
17.970000000 0.157142792	0.156112154
17.980000000 0.156881279	0.157515013
17.990000000 0.156612470	0.158946525
18.000000000 0.156339156	0.160401785
18.010000000 0.156064191	0.161875686
18.020000000 0.155790471	0.163362960
18.030000000 0.155520915	0.164858227
18.040000000 0.155258451	0.166356038
18.050000000 0.155005992	0.167850926
18.060000000 0.154766424	0.169337451
18.070000000 0.154542590	0.170810245
18.080000000 0.154337273	0.172264063
18.090000000 0.154153183	0.173693820
18.100000000 0.153992946	0.175094636
18.110000000 0.153859092	0.176461871
18.120000000 0.153754043	0.177791161
18.130000000 0.153680106	0.179078443
18.140000000 0.153639462	0.180319981
18.150000000 0.153634160	0.181512388
18.160000000 0.153666108	0.182652637
18.170000000 0.153737066	0.183738066
18.180000000 0.153848638	0.184766389
18.190000000 0.154002267	0.185735685
18.200000000 0.154199226	0.186644395
18.210000000 0.154440611	0.187491306
18.220000000 0.154727333	0.188275535
18.230000000 0.155060107	0.188996507
18.240000000 0.155439447	0.189653927
18.250000000 0.155865653	0.190247755
18.260000000 0.156338799	0.190778172
18.270000000 0.156858728	0.191245549
18.280000000 0.157425031	0.191650415
18.290000000 0.158037043	0.191993418
18.300000000 0.158693827	0.192275302
18.310000000 0.159394161	0.192496864
18.320000000 0.160136529	0.192658937
18.330000000 0.160919105	0.192762355
18.340000000 0.161739746	0.192807932
18.350000000 0.162595980	0.192796449
18.360000000 0.163485002	0.192728632
18.370000000 0.164403663	0.192605147
18.380000000 0.165348471	0.192426594
18.390000000 0.166315586	0.192193508
18.400000000 0.167300829	0.191906363
18.410000000 0.168299679	0.191565583
18.420000000 0.169307292	0.191171556
18.430000000 0.170318510	0.190724652
18.440000000 0.171327878	0.190225246
18.450000000 0.172329670	0.189673743
18.460000000 0.173317916	0.189070605
18.470000000 0.174286431	0.188416379
18.480000000 0.175228854	0.187711728
18.490000000 0.176138687	0.186957460
18.500000000 0.177009340	0.186154556
18.510000000 0.177834178	0.185304196
18.520000000 0.178606575	0.184407785
18.530000000 0.179319963	0.183466972
18.540000000 0.179967894	0.182483668
18.550000000 0.180544094	0.181460055
18.560000000 0.181042518	0.180398597
18.570000000 0.181457415	0.179302037
18.580000000 0.181783376	0.178173396
18.590000000 0.182015395	0.177015961
18.600000000 0.182148918	0.175833268
18.610000000 0.182179894	0.174629079
18.620000000 0.182104813	0.173407357
18.630000000 0.181920751	0.172172232
18.640000000 0.181625402	0.170927960
18.650000000 0.181217100	0.169678888
18.660000000 0.180694845	0.168429407
18.670000000 0.180058311	0.167183901
18.680000000 0.179307854	0.165946707
18.690000000 0.178444506	0.164722060
18.700000000 0.177469970	0.163514048
18.710000000 0.176386595	0.162326565
18.720000000 0.175197359	0.161163266
18.730000000 0.173905833	0.160027527
18.740000000 0.172516142	0.158922408
18.750000000 0.171032923	0.157850624
18.760000000 0.169461279	0.156814512
18.770000000 0.167806721	0.155816019
18.780000000 0.166075116	0.154856684
18.790000000 0.164272627	0.153937629
18.800000000 0.162405652	0.153059564
18.810000000 0.160480768	0.152222791
18.820000000 0.158504664	0.151427220
18.830000000 0.156484089	0.150672383
18.840000000 0.154425792	0.149957468
18.850000000 0.152336469	0.149281345
18.860000000 0.150222712	0.148642604
18.870000000 0.148090964	0.148039597
18.880000000 0.145947479	0.147470480
18.890000000 0.143798281	0.146933257
18.900000000 0.141649139	0.146425834
18.910000000 0.139505536	0.145946061
18.920000000 0.137372654	0.145491785
18.930000000 0.135255354	0.145060893
18.940000000 0.133158172	0.144651361
18.950000000 0.131085308	0.144261291
18.960000000 0.129040634	0.143888956
18.970000000 0.127027691	0.143532833
18.980000000 0.125049704	0.143191628
18.990000000 0.123109585	0.142864308
19.000000000 0.121209956	0.142550120
19.010000000 0.119353158	0.142248601
19.020000000 0.117541274	0.141959590
19.030000000 0.115776142	0.141683233
19.040000000 0.114059378	0.141419978
19.050000000 0.112392396	0.141170566
19.060000000 0.110776423	0.140936023
19.070000000 0.109212518	0.140717642
19.080000000 0.107701589	0.140516957
19.090000000 0.106244409	0.140335725
19.100000000 0.104841625	0.140175893
19.110000000 0.103493777	0.140039568
19.120000000 0.102201298	0.139928985
19.130000000 0.100964531	0.139846473
19.140000000 0.099783729	0.139794414
19.150000000 0.098659060	0.139775214
19.160000000 0.097590610	0.139791262
19.170000000 0.096578384	0.139844893
19.180000000 0.095622308	0.139938354
19.190000000 0.094722223	0.140073771
19.200000000 0.093877885	0.140253110
19.210000000 0.093088965	0.140478153
19.220000000 0.092355044	0.140750462
19.230000000 0.091675607	0.141071355
19.240000000 0.091050048	0.141441876
19.250000000 0.090477660	0.141862781
19.260000000 0.089957641	0.142334507
19.270000000 0.089489086	0.142857162
19.280000000 0.089070990	0.143430506
19.290000000 0.088702252	0.144053940
19.300000000 0.088381670	0.144726496
19.310000000 0.088107953	0.145446834
19.320000000 0.087879714	0.146213232
19.330000000 0.087695486	0.147023593
19.340000000 0.087553720	0.147875444
19.350000000 0.087452794	0.148765942
19.360000000 0.087391020	0.149691884
19.370000000 0.087366651	0.150649720
19.380000000 0.087377891	0.151635568
19.390000000 0.087422901	0.152645233
19.400000000 0.087499808	0.153674229
19.410000000 0.087606713	0.154717806
19.420000000 0.087741700	0.155770973
19.430000000 0.087902841	0.156828537
19.440000000 0.088088205	0.157885129
19.450000000 0.088295867	0.158935242
19.460000000 0.088523907	0.159973273
19.470000000 0.088770423	0.160993557
19.480000000 0.089033528	0.161990414
19.490000000 0.089311359	0.162958186
19.500000000 0.089602076	0.163891284
19.510000000 0.089903866	0.164784230
19.520000000 0.090214941	0.165631700
19.530000000 0.090533542	0.166428564
19.540000000 0.090857935	0.167169931
19.550000000 0.091186410	0.167851187
19.560000000 0.091517280	0.168468029
19.570000000 0.091848880	0.169016506
19.580000000 0.092179561	0.169493042
19.590000000 0.092507688	0.169894473
19.600000000 0.092831638	0.170218065
19.610000000 0.093149796	0.170461538
19.620000000 0.093460552	0.170623079
19.630000000 0.093762297	0.170701360
19.640000000 0.094053422	0.170695539
19.650000000 0.094332317	0.170605266
19.660000000 0.094597366	0.170430685
19.670000000 0.094846950	0.170172420
19.680000000 0.095079447	0.169831574
19.690000000 0.095293230	0.169409712
19.700000000 0.095486674	0.168908839
19.710000000 0.095658156	0.168331388
19.720000000 0.095806060	0.167680189
19.730000000 0.095928786	0.166958443
19.740000000 0.096024752	0.166169695
19.750000000 0.096092408	0.165317803
19.760000000 0.096130239	0.164406903
19.770000000 0.096136782	0.163441376
19.780000000 0.096110632	0.162425812
19.790000000 0.096050459	0.161364977
19.800000000 0.095955019	0.160263775
19.810000000 0.095823167	0.159127213
19.820000000 0.095653873	0.157960366
19.830000000 0.095446237	0.156768346
19.840000000 0.095199502	0.155556264
19.850000000 0.094913066	0.154329198
19.860000000 0.094586503	0.153092169
19.870000000 0.094219568	0.151850103
19.880000000 0.093812212	0.150607811
19.890000000 0.093364596	0.149369961
19.900000000 0.092877092	0.148141052
19.910000000 0.092350301	0.146925396
19.920000000 0.091785046	0.145727097
19.930000000 0.091182388	0.144550032
19.940000000 0.090543616	0.143397839
19.950000000 0.089870251	0.142273898
19.960000000 0.089164041	0.141181325
19.970000000 0.088426955	0.140122960
19.980000000 0.087661171	0.139101358
19.990000000 0.086869066	0.138118786
20.000000000 0.086053202	0.137177214
20.010000000 0.085216307	0.136278320
20.020000000 0.084361261	0.135423480
20.030000000 0.083491070	0.134613777
20.040000000 0.082608845	0.133849999
20.050000000 0.081717781	0.133132640
20.060000000 0.080821126	0.132461910
20.070000000 0.079922163	0.131837737
20.080000000 0.079024175	0.131259774
20.090000000 0.078130423	0.130727407
20.100000000 0.077244121	0.130239763
20.110000000 0.076368405	0.129795720
20.120000000 0.075506311	0.129393916
20.130000000 0.074660749	0.129032758
20.140000000 0.073834481	0.128710434
20.150000000 0.073030100	0.128424926
20.160000000 0.072250008	0.128174016
20.170000000 0.071496402	0.127955307
20.180000000 0.070771255	0.127766225
20.190000000 0.070076304	0.127604042
20.200000000 0.069413041	0.127465882
20.210000000 0.068782701	0.127348738
20.220000000 0.068186261	0.127249488
20.230000000 0.067624429	0.127164906
20.240000000 0.067097652	0.127091682
20.250000000 0.066606109	0.127026435
20.260000000 0.066149721	0.126965733
20.270000000 0.065728150	0.126906108
20.280000000 0.065340815	0.126844077
20.290000000 0.064986893	0.126776160
20.300000000 0.064665338	0.126698903
20.310000000 0.064374887	0.126608895
20.320000000 0.064114082	0.126502791
20.330000000 0.063881279	0.126377339
20.340000000 0.063674670	0.126229395
20.350000000 0.063492299	0.126055950
20.360000000 0.063332080	0.125854156
20.370000000 0.063191819	0.125621342
20.380000000 0.063069233	0.125355043
20.390000000 0.062961969	0.125053019
20.400000000 0.062867626	0.124713273
20.410000000 0.062783777	0.124334079
20.420000000 0.062707986	0.123913991
20.430000000 0.062637831	0.123451865
20.440000000 0.062570923	0.122946867
20.450000000 0.062504924	0.122398491
20.460000000 0.062437565	0.121806562
20.470000000 0.062366665	0.121171244
20.480000000 0.062290145	0.120493037
20.490000000 0.062206044	0.119772781
20.500000000 0.062112532	0.119011645
20.510000000 0.062007921	0.118211119
20.520000000 0.061890676	0.117373003
20.530000000 0.061759420	0.116499383
20.540000000 0.061612945	0.115592615
20.550000000 0.061450214	0.114655300
20.560000000 0.061270362	0.113690253
20.570000000 0.061072697	0.112700472
20.580000000 0.060856700	0.111689108
20.590000000 0.060622019	0.110659425
20.600000000 0.060368463	0.109614763
20.610000000 0.060095996	0.108558501
20.620000000 0.059804727	0.107494018
20.630000000 0.059494900	0.106424651
20.640000000 0.059166881	0.105353660
20.650000000 0.058821143	0.104284189
20.660000000 0.058458256	0.103219231
20.670000000 0.058078867	0.102161598
20.680000000 0.057683690	0.101113888
20.690000000 0.057273485	0.100078461
20.700000000 0.056849049	0.099057418
20.710000000 0.056411193	0.098052586
20.720000000 0.055960735	0.097065498
20.730000000 0.055498484	0.096097397
20.740000000 0.055025224	0.095149221
20.750000000 0.054541710	0.094221619
20.760000000 0.054048652	0.093314949
20.770000000 0.053546712	0.092429294
20.780000000 0.053036496	0.091564484
20.790000000 0.052518548	0.090720110
20.800000000 0.051993353	0.089895557
20.810000000 0.051461330	0.089090029
20.820000000 0.050922839	0.088302582
20.830000000 0.050378183	0.087532161
20.840000000 0.049827611	0.086777629
20.850000000 0.049271326	0.086037813
20.860000000 0.048709494	0.085311533
20.870000000 0.048142251	0.084597642
20.880000000 0.047569714	0.083895062
20.890000000 0.046991993	0.083202813
20.900000000 0.046409199	0.082520050
20.910000000 0.045821457	0.081846085
20.920000000 0.045228918	0.081180415
20.930000000 0.044631767	0.080522742
20.940000000 0.044030238	0.079872986
20.950000000 0.043424615	0.079231303
20.960000000 0.042815251	0.078598087
20.970000000 0.042202565	0.077973974
20.980000000 0.041587055	0.077359839
20.990000000 0.040969296	0.076756792
21.000000000 0.040349948	0.076166164
21.010000000 0.039729753	0.075589495
21.020000000 0.039109536	0.075028512
21.030000000 0.038490203	0.074485108
21.040000000 0.037872734	0.073961318
21.050000000 0.037258180	0.073459294
21.060000000 0.036647656	0.072981271
21.070000000 0.036042330	0.072529540
21.080000000 0.035443418	0.072106419
21.090000000 0.034852170	0.071714217
21.100000000 0.034269858	0.071355209
21.110000000 0.033697770	0.071031602
21.120000000 0.033137191	0.070745510
21.130000000 0.032589395	0.070498923
21.140000000 0.032055635	0.070293688
21.150000000 0.031537126	0.070131482
21.160000000 0.031035037	0.070013795
21.170000000 0.030550480	0.069941912
21.180000000 0.030084503	0.069916900
21.190000000 0.029638077	0.069939597
21.200000000 0.029212091	0.070010601
21.210000000 0.028807345	0.070130269
21.220000000 0.028424548	0.070298712
21.230000000 0.028064308	0.070515795
21.240000000 0.027727138	0.070781141
21.250000000 0.027413445	0.071094134
21.260000000 0.027123540	0.071453926
21.270000000 0.026857633	0.071859448
21.280000000 0.026615838	0.072309415
21.290000000 0.026398175	0.072802340
21.300000000 0.026204576	0.073336548
21.310000000 0.026034890	0.073910186
21.320000000 0.025888889	0.074521235
21.330000000 0.025766270	0.075167528
21.340000000 0.025666669	0.075846761
21.350000000 0.025589662	0.076556511
21.360000000 0.025534776	0.077294242
21.370000000 0.025501490	0.078057330
21.380000000 0.025489248	0.078843068
21.390000000 0.025497462	0.079648685
21.400000000 0.025525518	0.080471356
21.410000000 0.025572781	0.081308218
21.420000000 0.025638601	0.082156385
21.430000000 0.025722318	0.083012955
21.440000000 0.025823260	0.083875030
21.450000000 0.025940755	0.084739722
21.460000000 0.026074124	0.085604174
21.470000000 0.026222690	0.086465565
21.480000000 0.026385772	0.087321127
21.490000000 0.026562692	0.088168157
21.500000000 0.026752771	0.089004026
21.510000000 0.026955331	0.089826197
21.520000000 0.027169691	0.090632231
21.530000000 0.027395169	0.091419803
21.540000000 0.027631081	0.092186708
21.550000000 0.027876735	0.092930877
21.560000000 0.028131438	0.093650379
21.570000000 0.028394488	0.094343437
21.580000000 0.028665175	0.095008431
21.590000000 0.028942783	0.095643906
21.600000000 0.029226586	0.096248576
21.610000000 0.029515850	0.096821328
21.620000000 0.029809836	0.097361226
21.630000000 0.030107795	0.097867509
21.640000000 0.030408976	0.098339590
21.650000000 0.030712622	0.098777058
21.660000000 0.031017979	0.099179666
21.670000000 0.031324293	0.099547334
21.680000000 0.031630814	0.099880135
21.690000000 0.031936805	0.100178289
21.700000000 0.032241538	0.100442153
21.710000000 0.032544304	0.100672209
21.720000000 0.032844415	0.100869053
21.730000000 0.033141206	0.101033380
21.740000000 0.033434045	0.101165973
21.750000000 0.033722331	0.101267685
21.760000000 0.034005500	0.101339430
21.770000000 0.034283030	0.101382162
21.780000000 0.034554440	0.101396868
21.790000000 0.034819298	0.101384549
21.800000000 0.035077218	0.101346209
21.810000000 0.035327866	0.101282843
21.820000000 0.035570956	0.101195424
21.830000000 0.035806252	0.101084895
21.840000000 0.036033569	0.100952159
21.850000000 0.036252771	0.100798070
21.860000000 0.036463765	0.100623430
21.870000000 0.036666504	0.100428979
21.880000000 0.036860979	0.100215396
21.890000000 0.037047217	0.099983293
21.900000000 0.037225278	0.099733218
21.910000000 0.037395245	0.099465651
21.920000000 0.037557222	0.099181006
21.930000000 0.037711331	0.098879638
21.940000000 0.037857697	0.098561839
21.950000000 0.037996454	0.098227846
21.960000000 0.038127728	0.097877848
21.970000000 0.038251638	0.097511985
21.980000000 0.038368289	0.097130357
21.990000000 0.038477765	0.096733031
22.000000000 0.038580127	0.096320043
22.010000000 0.038675405	0.095891406
22.020000000 0.038763598	0.095447117
22.030000000 0.038844672	0.094987157
22.040000000 0.038918553	0.094511505
22.050000000 0.038985129	0.094020133
22.060000000 0.039044249	0.093513019
22.070000000 0.039095725	0.092990144
22.080000000 0.039139330	0.092451503
22.090000000 0.039174800	0.091897101
22.100000000 0.039201842	0.091326961
22.110000000 0.039220130	0.090741128
22.120000000 0.039229316	0.090139665
22.130000000 0.039229028	0.089522661
22.140000000 0.039218884	0.088890233
22.150000000 0.039198488	0.088242522
22.160000000 0.039167444	0.087579702
22.170000000 0.039125358	0.086901979
22.180000000 0.039071846	0.086209589
22.190000000 0.039006542	0.085502806
22.200000000 0.038929103	0.084781938
22.210000000 0.038839213	0.084047331
22.220000000 0.038736596	0.083299372
22.230000000 0.038621016	0.082538485
22.240000000 0.038492285	0.081765140
22.250000000 0.038350269	0.080979846
22.260000000 0.038194891	0.080183157
22.270000000 0.038026135	0.079375673
22.280000000 0.037844051	0.078558037
22.290000000 0.037648757	0.077730936
22.300000000 0.037440440	0.076895105
22.310000000 0.037219358	0.076051318
22.320000000 0.036985843	0.075200395
22.330000000 0.036740295	0.074343194
22.340000000 0.036483186	0.073480610
22.350000000 0.036215056	0.072613575
22.360000000 0.035936511	0.071743048
22.370000000 0.035648217	0.070870018
22.380000000 0.035350901	0.069995490
22.390000000 0.035045341	0.069120489
22.400000000 0.034732363	0.068246046
22.410000000 0.034412834	0.067373194
22.420000000 0.034087655	0.066502961
22.430000000 0.033757757	0.065636363
22.440000000 0.033424089	0.064774393
22.450000000 0.033087609	0.063918018
22.460000000 0.032749283	0.063068166
22.470000000 0.032410068	0.062225723
22.480000000 0.032070909	0.061391519
22.490000000 0.031732727	0.060566328
22.500000000 0.031396415	0.059750855
22.510000000 0.031062822	0.058945734
22.520000000 0.030732752	0.058151521
22.530000000 0.030406954	0.057368689
22.540000000 0.030086111	0.056597625
22.550000000 0.029770839	0.055838627
22.560000000 0.029461679	0.055091905
22.570000000 0.029159087	0.054357576
22.580000000 0.028863438	0.053635671
22.590000000 0.028575016	0.052926131
22.600000000 0.028294011	0.052228816
22.610000000 0.028020523	0.051543507
22.620000000 0.027754555	0.050869910
22.630000000 0.027496018	0.050207667
22.640000000 0.027244732	0.049556361
22.650000000 0.027000425	0.048915525
22.660000000 0.026762743	0.048284651
22.670000000 0.026531249	0.047663203
22.680000000 0.026305433	0.047050620
22.690000000 0.026084716	0.046446335
22.700000000 0.025868462	0.045849778
22.710000000 0.025655982	0.045260390
22.720000000 0.025446544	0.044677633
22.730000000 0.025239388	0.044100996
22.740000000 0.025033728	0.043530005
22.750000000 0.024828769	0.042964232
22.760000000 0.024623717	0.042403299
22.770000000 0.024417787	0.041846883
22.780000000 0.024210215	0.041294721
22.790000000 0.024000269	0.040746613
22.800000000 0.023787258	0.040202421
22.810000000 0.023570543	0.039662070
22.820000000 0.023349543	0.039125547
22.830000000 0.023123744	0.038592894
22.840000000 0.022892706	0.038064209
22.850000000 0.022656068	0.037539636
22.860000000 0.022413552	0.037019360
22.870000000 0.022164969	0.036503599
22.880000000 0.021910216	0.035992596
22.890000000 0.021649283	0.035486612
22.900000000 0.021382246	0.034985910
22.910000000 0.021109268	0.034490755
22.920000000 0.020830598	0.034001398
22.930000000 0.020546564	0.033518069
22.940000000 0.020257565	0.033040969
22.950000000 0.019964070	0.032570261
22.960000000 0.019666610	0.032106064
22.970000000 0.019365764	0.031648446
22.980000000 0.019062157	0.031197420
22.990000000 0.018756447	0.030752940
23.000000000 0.018449318	0.030314900
23.010000000 0.018141467	0.029883128
23.020000000 0.017833598	0.029457393
23.030000000 0.017526410	0.029037402
23.040000000 0.017220589	0.028622806
23.050000000 0.016916797	0.028213200
23.060000000 0.016615668	0.027808135
23.070000000 0.016317797	0.027407117
23.080000000 0.016023734	0.027009621
23.090000000 0.015733978	0.026615094
23.100000000 0.015448974	0.026222966
23.110000000 0.015169105	0.025832660
23.120000000 0.014894696	0.025443597
23.130000000 0.014626003	0.025055211
23.140000000 0.014363220	0.024666953
23.150000000 0.014106475	0.024278303
23.160000000 0.013855834	0.023888774
23.170000000 0.013611300	0.023497926
23.180000000 0.013372816	0.023105366
23.190000000 0.013140273	0.022710757
23.200000000 0.012913510	0.022313824
23.210000000 0.012692319	0.021914354
23.220000000 0.012476452	0.021512203
23.230000000 0.012265628	0.021107291
23.240000000 0.012059535	0.020699610
23.250000000 0.011857840	0.020289217
23.260000000 0.011660192	0.019876235
23.270000000 0.011466229	0.019460850
23.280000000 0.011275587	0.019043306
23.290000000 0.011087899	0.018623899
23.300000000 0.010902806	0.018202976
23.310000000 0.010719961	0.017780926
23.320000000 0.010539031	0.017358172
23.330000000 0.010359703	0.016935167
23.340000000 0.010181685	0.016512389
23.350000000 0.010004711	0.016090327
23.360000000 0.009828544	0.015669482
23.370000000 0.009652974	0.015250356
23.380000000 0.009477822	0.014833446
23.390000000 0.009302939	0.014419240
23.400000000 0.009128207	0.014008209
23.410000000 0.008953537	0.013600806
23.420000000 0.008778869	0.013197457
23.430000000 0.008604170	0.012798562
23.440000000 0.008429435	0.012404492
23.450000000 0.008254679	0.012015581
23.460000000 0.008079941	0.011632135
23.470000000 0.007905276	0.011254422
23.480000000 0.007730758	0.010882678
23.490000000 0.007556472	0.010517103
23.500000000 0.007382517	0.010157868
23.510000000 0.007208997	0.009805111
23.520000000 0.007036025	0.009458942
23.530000000 0.006863715	0.009119447
23.540000000 0.006692183	0.008786686
23.550000000 0.006521546	0.008460699
23.560000000 0.006351918	0.008141511
23.570000000 0.006183409	0.007829128
23.580000000 0.006016124	0.007523548
23.590000000 0.005850162	0.007224757
23.600000000 0.005685618	0.006932738
23.610000000 0.005522577	0.006647466
23.620000000 0.005361118	0.006368916
23.630000000 0.005201315	0.006097062
23.640000000 0.005043232	0.005831880
23.650000000 0.004886931	0.005573349
23.660000000 0.004732464	0.005321447
23.670000000 0.004579882	0.005076161
23.680000000 0.004429228	0.004837477
23.690000000 0.004280546	0.004605388
23.700000000 0.004133873	0.004379888
23.710000000 0.003989249	0.004160975
23.720000000 0.003846710	0.003948648
23.730000000 0.003706294	0.003742907
23.740000000 0.003568039	0.003543751
23.750000000 0.003431984	0.003351178
23.760000000 0.003298171	0.003165182
23.770000000 0.003166643	0.002985756
23.780000000 0.003037448	0.002812884
23.790000000 0.002910633	0.002646545
23.800000000 0.002786250	0.002486711
23.810000000 0.002664352	0.002333345
23.820000000 0.002544996	0.002186399
23.830000000 0.002428238	0.002045818
23.840000000 0.002314137	0.001911534
23.850000000 0.002202752	0.001783469
23.860000000 0.002094142	0.001661533
23.870000000 0.001988363	0.001545625
23.880000000 0.001885472	0.001435634
23.890000000 0.001785522	0.001331436
23.900000000 0.001688563	0.001232898
23.910000000 0.001594640	0.001139878
23.920000000 0.001503794	0.001052224
23.930000000 0.001416060	0.000969774
23.940000000 0.001331466	0.000892362
23.950000000 0.001250033	0.000819813
23.960000000 0.001171777	0.000751947
23.970000000 0.001096702	0.000688580
23.980000000 0.001024807	0.000629524
23.990000000 0.000956082	0.000574590
24.000000000 0.000890508	0.000523585
24.010000000 0.000828058	0.000476319
24.020000000 0.000768696	0.000432600
24.030000000 0.000712379	0.000392239
24.040000000 0.000659055	0.000355048
24.050000000 0.000608665	0.000320844
24.060000000 0.000561143	0.000289447
24.070000000 0.000516417	0.000260681
24.080000000 0.000474408	0.000234376
24.090000000 0.000435033	0.000210367
24.100000000 0.000398202	0.000188495
24.110000000 0.000363823	0.000168609
24.120000000 0.000331801	0.000150562
24.130000000 0.000302037	0.000134215
24.140000000 0.000274431	0.000119437
24.150000000 0.000248880	0.000106101
24.160000000 0.000225282	0.000094091
24.170000000 0.000203535	0.000083295
24.180000000 0.000183536	0.000073609
24.190000000 0.000165186	0.000064935
24.200000000 0.000148384	0.000057183
24.210000000 0.000133033	0.000050266
24.220000000 0.000119039	0.000044108
24.230000000 0.000106309	0.000038636
24.240000000 0.000094754	0.000033782
24.250000000 0.000084290	0.000029484
24.260000000 0.000074833	0.000025687
24.270000000 0.000066305	0.000022338
24.280000000 0.000058633	0.000019391
24.290000000 0.000051744	0.000016801
24.300000000 0.000045574	0.000014531
24.310000000 0.000040059	0.000012544
24.320000000 0.000035141	0.000010809
24.330000000 0.000030764	0.000009296
24.340000000 0.000026877	0.000007980
24.350000000 0.000023434	0.000006838
24.360000000 0.000020390	0.000005847
24.370000000 0.000017706	0.000004991
24.380000000 0.000015343	0.000004252
24.390000000 0.000013268	0.000003615
24.400000000 0.000011451	0.000003068
24.410000000 0.000009861	0.000002599
24.420000000 0.000008475	0.000002197
24.430000000 0.000007268	0.000001853
24.440000000 0.000006221	0.000001560
24.450000000 0.000005313	0.000001311
24.460000000 0.000004528	0.000001099
24.470000000 0.000003851	0.000000920
24.480000000 0.000003268	0.000000768
24.490000000 0.000002768	0.000000641
24.500000000 0.000002339	0.000000533
24.510000000 0.000001972	0.000000442
24.520000000 0.000001660	0.000000366
24.530000000 0.000001394	0.000000303
24.540000000 0.000001168	0.000000250
24.550000000 0.000000976	0.000000206
24.560000000 0.000000815	0.000000169
24.570000000 0.000000678	0.000000138
24.580000000 0.000000563	0.000000113
24.590000000 0.000000467	0.000000092
24.600000000 0.000000386	0.000000075
24.610000000 0.000000319	0.000000061
24.620000000 0.000000262	0.000000050
24.630000000 0.000000216	0.000000040
24.640000000 0.000000177	0.000000032
24.650000000 0.000000145	0.000000026
24.660000000 0.000000118	0.000000021
24.670000000 0.000000096	0.000000017
24.680000000 0.000000078	0.000000013
24.690000000 0.000000063	0.000000011
24.700000000 0.000000051	0.000000009
24.710000000 0.000000041	0.000000007
24.720000000 0.000000033	0.000000005
24.730000000 0.000000027	0.000000004
24.740000000 0.000000021	0.000000003
24.750000000 0.000000017	0.000000003
24.760000000 0.000000014	0.000000002
24.770000000 0.000000011	0.000000002
24.780000000 0.000000009	0.000000001
24.790000000 0.000000007	0.000000001
24.800000000 0.000000005	0.000000001
24.810000000 0.000000004	0.000000001
24.820000000 0.000000003	0.000000000
24.830000000 0.000000003	0.000000000
24.840000000 0.000000002	0.000000000
24.850000000 0.000000002	0.000000000
24.860000000 0.000000001	0.000000000
24.870000000 0.000000001	0.000000000
24.880000000 0.000000001	0.000000000
24.890000000 0.000000001	0.000000000
24.900000000 0.000000000	0.000000000
24.910000000 0.000000000	0.000000000
24.920000000 0.000000000	0.000000000
24.930000000 0.000000000	0.000000000
24.940000000 0.000000000	0.000000000
24.950000000 0.000000000	0.000000000
24.960000000 0.000000000	0.000000000
24.970000000 0.000000000	0.000000000
24.980000000 0.000000000	0.000000000
24.990000000 0.000000000	0.000000000
25.000000000 0.000000000	0.000000000
25.010000000 0.000000000	0.000000000
25.020000000 0.000000000	0.000000000
25.030000000 0.000000000	0.000000000
25.040000000 0.000000000	0.000000000
25.050000000 0.000000000	0.000000000
25.060000000 0.000000000	0.000000000
25.070000000 0.000000000	0.000000000
25.080000000 0.000000000	0.000000000
25.090000000 0.000000000	0.000000000
25.100000000 0.000000000	0.000000000
25.110000000 0.000000000	0.000000000
25.120000000 0.000000000	0.000000000
25.130000000 0.000000000	0.000000000
25.140000000 0.000000000	0.000000000
25.150000000 0.000000000	0.000000000
25.160000000 0.000000000	0.000000000
25.170000000 0.000000000	0.000000000
25.180000000 0.000000000	0.000000000
25.190000000 0.000000000	0.000000000
25.200000000 0.000000000	0.000000000
25.210000000 0.000000000	0.000000000
25.220000000 0.000000000	0.000000000
25.230000000 0.000000000	0.000000000
25.240000000 0.000000000	0.000000000
25.250000000 0.000000000	0.000000000
25.260000000 0.000000000	0.000000000
25.270000000 0.000000000	0.000000000
25.280000000 0.000000000	0.000000000
25.290000000 0.000000000	0.000000000
25.300000000 0.000000000	0.000000000
25.310000000 0.000000000	0.000000000
25.320000000 0.000000000	0.000000000
25.330000000 0.000000000	0.000000000
25.340000000 0.000000000	0.000000000
25.350000000 0.000000000	0.000000000
25.360000000 0.000000000	0.000000000
25.370000000 0.000000000	0.000000000
25.380000000 0.000000000	0.000000000
25.390000000 0.000000000	0.000000000
25.400000000 0.000000000	0.000000000
25.410000000 0.000000000	0.000000000
25.420000000 0.000000000	0.000000000
25.430000000 0.000000000	0.000000000
25.440000000 0.000000000	0.000000000
25.450000000 0.000000000	0.000000000
25.460000000 0.000000000	0.000000000
25.470000000 0.000000000	0.000000000
25.480000000 0.000000000	0.000000000
25.490000000 0.000000000	0.000000000
25.500000000 0.000000000	0.000000000
25.510000000 0.000000000	0.000000000
25.520000000 0.000000000	0.000000000
25.530000000 0.000000000	0.000000000
25.540000000 0.000000000	0.000000000
25.550000000 0.000000000	0.000000000
25.560000000 0.000000000	0.000000000
25.570000000 0.000000000	0.000000000
25.580000000 0.000000000	0.000000000
25.590000000 0.000000000	0.000000000
25.600000000 0.000000000	0.000000000
25.610000000 0.000000000	0.000000000
25.620000000 0.000000000	0.000000000
25.630000000 0.000000000	0.000000000
25.640000000 0.000000000	0.000000000
25.650000000 0.000000000	0.000000000
25.660000000 0.000000000	0.000000000
25.670000000 0.000000000	0.000000000
25.680000000 0.000000000	0.000000000
25.690000000 0.000000000	0.000000000
25.700000000 0.000000000	0.000000000
25.710000000 0.000000000	0.000000000
25.720000000 0.000000000	0.000000000
25.730000000 0.000000000	0.000000000
25.740000000 0.000000000	0.000000000
25.750000000 0.000000000	0.000000000
25.760000000 0.000000000	0.000000000
25.770000000 0.000000000	0.000000000
25.780000000 0.000000000	0.000000000
25.790000000 0.000000000	0.000000000
25.800000000 0.000000000	0.000000000
25.810000000 0.000000000	0.000000000
25.820000000 0.000000000	0.000000000
25.830000000 0.000000000	0.000000000
25.840000000 0.000000000	0.000000000
25.850000000 0.000000000	0.000000000
25.860000000 0.000000000	0.000000000
25.870000000 0.000000000	0.000000000
25.880000000 0.000000000	0.000000000
25.890000000 0.000000000	0.000000000
25.900000000 0.000000000	0.000000000
25.910000000 0.000000000	0.000000000
25.920000000 0.000000000	0.000000000
25.930000000 0.000000000	0.000000000
25.940000000 0.000000000	0.000000000
25.950000000 0.000000000	0.000000000
25.960000000 0.000000000	0.000000000
25.970000000 0.000000000	0.000000000
25.980000000 0.000000000	0.000000000
25.990000000 0.000000000	0.000000000
26.000000000 0.000000000	0.000000000
