  0.000000000  0.000000000  0.000000000      58
       1       1   -5.864404830   -6.623124695
       1       2    6.291635248    5.208408390
       1       3    6.291635248    5.208408390
       1       4    6.291635248    5.208408390
       1       5    8.867300100    8.590114529
       1       6    8.867300100    8.590114529
       1       7    8.867300100    8.590114529
       1       8    9.748723312    9.360948066
       1       9   14.088448666   14.045447688
       1      10   14.088448666   14.045447688
       1      11   14.099363357   13.838872346
       1      12   17.578294343   17.317031702
       1      13   17.578294343   17.317031702
       1      14   17.578294343   17.317031702
       1      15   21.564357239   21.106389167
       1      16   29.467925800   28.395414740
       1      17   29.467925800   28.395414740
       1      18   29.467925800   28.395414740
       1      19   30.588895185   28.699994539
       1      20   30.588895185   28.699994539
       1      21   31.746440038   30.122238775
       1      22   31.746440038   30.122238775
       1      23   31.746440038   30.122238775
       1      24   36.633297237   36.390454126
       1      25   36.633297237   36.390454126
       1      26   36.633297237   36.390454126
       1      27   41.111136568   39.314005861
       1      28   41.111136568   39.314005861
       1      29   41.111136568   39.314005861
       1      30   44.355756260   44.009790258
       1      31   44.988563654   43.607258907
       1      32   44.988563654   43.607258907
       1      33   47.321274391   47.364385594
       1      34   47.321274391   47.364385594
       1      35   47.960968976   47.318509801
       1      36   47.960968976   47.318509801
       1      37   47.960968976   47.318509801
       1      38   51.409301409   53.311136665
       1      39   51.409301409   53.311136665
       1      40   51.409301409   53.311136665
       1      41   52.509887121   55.913436332
       1      42   52.509887121   55.913436332
       1      43   52.509887121   55.913436332
       1      44   52.708540259   54.195725240
       1      45   52.708540259   54.195725240
       1      46   52.708540259   54.195725240
       1      47   52.719367780   56.375960624
       1      48   53.731419404   54.435386413
       1      49   53.731419404   54.435386413
       1      50   53.731419404   54.435386413
       1      51   57.558595087   59.450798560
       1      52   58.457532677   60.201071878
       1      53   58.457532677   60.201071878
       1      54   58.457532677   60.201071878
       1      55   58.494692172   58.905065261
       1      56   58.494692172   58.905065261
       1      57   58.494692172   58.905065261
       1      58   62.465208264   62.965347770
  0.000000000  0.000000000  0.125000000      58
       1       1   -5.655375544   -6.438297562
       1       2    4.670326924    3.624475122
       1       3    5.996534795    4.936050807
       1       4    5.996534795    4.936050807
       1       5    8.806959824    8.493619605
       1       6    9.300122862    9.012748639
       1       7    9.300122862    9.012748639
       1       8   11.071983302   10.686727709
       1       9   13.576943678   13.520619409
       1      10   13.576943678   13.520619409
       1      11   14.920780131   14.641400249
       1      12   16.971856516   16.725111137
       1      13   18.780944972   18.496415098
       1      14   18.780944972   18.496415098
       1      15   22.855409843   22.295251659
       1      16   27.508602718   26.681710448
       1      17   27.508602718   26.681710448
       1      18   27.665998772   26.804145650
       1      19   30.238784189   28.720749262
       1      20   30.238784189   28.720749262
       1      21   32.382763302   30.572228809
       1      22   32.382763302   30.572228809
       1      23   33.285376541   31.308987020
       1      24   36.832265156   36.549964011
       1      25   38.592355300   37.609734175
       1      26   38.592355300   37.609734175
       1      27   38.801034658   37.401495893
       1      28   40.613267256   39.053748076
       1      29   40.613267256   39.053748076
       1      30   43.266256226   42.399997950
       1      31   43.266256226   42.399997950
       1      32   44.930150819   44.314489888
       1      33   45.517998563   45.984624131
       1      34   45.517998563   45.984624131
       1      35   48.030766183   48.045647463
       1      36   48.255196793   48.179359454
       1      37   48.255196793   48.179359454
       1      38   49.642137581   50.727181706
       1      39   50.674238749   57.295116710
       1      40   51.227308871   51.753762958
       1      41   51.227308871   51.753762958
       1      42   51.385753164   52.468105756
       1      43   51.385753164   52.468105756
       1      44   52.069339028   53.466158015
       1      45   52.941724853   53.948433700
       1      46   54.670523266   55.395018235
       1      47   54.670523266   55.395018235
       1      48   55.014551333   57.617039141
       1      49   56.739870037   58.270840379
       1      50   56.739870037   58.270840379
       1      51   57.325997726   58.402902387
       1      52   58.166439350   59.898649199
       1      53   58.502183930   59.860377275
       1      54   58.502183930   59.860377275
       1      55   61.234552134   62.077951435
       1      56   61.234552134   62.077951435
       1      57   61.603840631   62.510706065
       1      58   64.208473224   64.980060455
  0.000000000  0.000000000  0.250000000      58
       1       1   -5.044641899   -5.887653839
       1       2    2.296958558    1.226053725
       1       3    5.518560019    4.451869486
       1       4    5.518560019    4.451869486
       1       5    8.320284736    7.991805877
       1       6    9.815531017    9.564479502
       1       7    9.815531017    9.564479502
       1       8   13.246944402   12.884575879
       1       9   13.524518642   13.426675560
       1      10   13.524518642   13.426675560
       1      11   15.201955979   14.961404082
       1      12   18.109737353   17.769440807
       1      13   21.055513316   20.663726222
       1      14   21.055513316   20.663726222
       1      15   24.280689256   23.585683858
       1      16   24.326439083   23.732868849
       1      17   24.326439083   23.732868849
       1      18   26.359587073   25.592609634
       1      19   30.405511181   28.867313152
       1      20   30.405511181   28.867313152
       1      21   32.788999036   30.660554966
       1      22   32.788999036   30.660554966
       1      23   34.139042950   32.614879671
       1      24   35.689804509   34.320840567
       1      25   37.396757426   37.174963419
       1      26   38.590824504   37.353138219
       1      27   38.590824504   37.353138219
       1      28   39.854071320   38.588132539
       1      29   39.854071320   38.588132539
       1      30   41.052992030   40.117243688
       1      31   41.052992030   40.117243688
       1      32   45.072181177   44.520182778
       1      33   45.193117326   45.391760628
       1      34   45.383644368   45.743305620
       1      35   45.383644368   45.743305620
       1      36   46.696772100   47.875382877
       1      37   47.977263076   48.135361923
       1      38   47.977263076   48.135361923
       1      39   50.041872042   50.345752016
       1      40   50.751558410   51.475527655
       1      41   50.751558410   51.475527655
       1      42   51.287330116   61.894669520
       1      43   51.765843024   54.665760019
       1      44   53.399962702   53.709206261
       1      45   53.399962702   53.709206261
       1      46   56.426887665   56.867892471
       1      47   56.426887665   56.867892471
       1      48   58.018673357   59.749041419
       1      49   58.602869070   61.415893718
       1      50   58.602869070   61.415893718
       1      51   59.979031617   62.168739969
       1      52   61.887791134   63.171527101
       1      53   63.628897063   64.729819789
       1      54   64.164599144   64.929445935
       1      55   64.164599144   64.929445935
       1      56   64.974592818   66.579258377
       1      57   64.974592818   66.579258377
       1      58   66.441208625   67.759123166
  0.000000000  0.000000000  0.375000000      58
       1       1   -4.123420131   -5.046070986
       1       2    0.227803200   -0.826561589
       1       3    5.188112343    4.103875102
       1       4    5.188112343    4.103875102
       1       5    7.949931730    7.613493079
       1       6    9.737848091    9.539413144
       1       7    9.737848091    9.539413144
       1       8   14.091161906   13.847601398
       1       9   14.941918748   14.781297509
       1      10   14.941918748   14.781297509
       1      11   15.969702313   15.620297129
       1      12   20.185230695   19.821290820
       1      13   20.185230695   19.821290820
       1      14   20.356112881   19.835118439
       1      15   23.010615753   22.463968072
       1      16   25.018335866   24.381649057
       1      17   25.018335866   24.381649057
       1      18   29.304673332   27.589003831
       1      19   30.228372268   28.936933810
       1      20   30.228372268   28.936933810
       1      21   30.259421089   27.160122447
       1      22   33.075008914   30.765133046
       1      23   33.075008914   30.765133046
       1      24   35.000026656   33.674832188
       1      25   35.000026656   33.674832188
       1      26   36.133625544   35.002775347
       1      27   38.169435146   38.270144282
       1      28   38.902185362   37.532973131
       1      29   38.902185362   37.532973131
       1      30   40.117156003   38.696895912
       1      31   40.117156003   38.696895912
       1      32   41.229810345   40.547021653
       1      33   44.176916595   44.192350427
       1      34   44.487760110   44.977336640
       1      35   47.618968107   47.806406319
       1      36   47.618968107   47.806406319
       1      37   48.874692563   49.957709938
       1      38   48.874692563   49.957709938
       1      39   50.060067093   51.038352106
       1      40   50.909610006   51.915087744
       1      41   50.909610006   51.915087744
       1      42   51.125423967   53.828879930
       1      43   53.311317834   55.204926405
       1      44   55.251585595   55.281539675
       1      45   55.251585595   55.281539675
       1      46   58.353406172   59.221363324
       1      47   58.353406172   59.221363324
       1      48   59.156772497   60.259832547
       1      49   61.983658698   63.685866791
       1      50   62.007428540   63.633837803
       1      51   62.007428540   63.633837803
       1      52   63.789609618   65.911419247
       1      53   63.789609618   65.911419247
       1      54   65.350273389   67.337656615
       1      55   65.350273389   67.337656615
       1      56   66.449378970   67.599052310
       1      57   66.827711108   68.357018766
       1      58   66.956964131   69.183219097
  0.000000000  0.000000000  0.500000000      58
       1       1   -3.456296406   -4.425324034
       1       2   -0.831506461   -1.852614535
       1       3    5.075409072    3.984114568
       1       4    5.075409072    3.984114568
       1       5    7.820304748    7.480752156
       1       6    9.617084565    9.434629090
       1       7    9.617084565    9.434629090
       1       8   13.913896953   13.696119803
       1       9   16.936906601   16.752184256
       1      10   16.936906601   16.752184256
       1      11   17.622838572   17.228104065
       1      12   17.750865818   17.462147567
       1      13   17.750865818   17.462147567
       1      14   19.309105026   18.807935580
       1      15   25.683048360   24.973728248
       1      16   26.380396974   25.497613950
       1      17   28.094663771   27.209029766
       1      18   28.094663771   27.209029766
       1      19   28.275619666   27.325788103
       1      20   28.275619666   27.325788103
       1      21   32.056333060   30.070762884
       1      22   33.148348966   31.632641586
       1      23   33.148348966   31.632641586
       1      24   33.569665754   31.118809618
       1      25   33.569665754   31.118809618
       1      26   34.801549941   33.990877184
       1      27   38.618538280   38.971530404
       1      28   38.621042650   37.334077047
       1      29   38.621042650   37.334077047
       1      30   39.544538667   38.214739883
       1      31   39.544538667   38.214739883
       1      32   40.088075463   38.756473590
       1      33   43.525745685   43.392062797
       1      34   43.559114442   43.280335645
       1      35   47.652270298   47.727824592
       1      36   47.652270298   47.727824592
       1      37   49.319865491   49.959795668
       1      38   49.319865491   49.959795668
       1      39   50.294826254   51.182603006
       1      40   50.720287481   53.484697080
       1      41   53.579468834   54.244475325
       1      42   53.579468834   54.244475325
       1      43   55.230333186   55.573091739
       1      44   55.230333186   55.573091739
       1      45   55.344013822   57.407481745
       1      46   58.451277072   59.704753077
       1      47   59.812531556   60.628761923
       1      48   59.812531556   60.628761923
       1      49   60.918234741   62.702428394
       1      50   60.918234741   62.702428394
       1      51   61.798530848   62.978674318
       1      52   63.589693185   65.981365011
       1      53   63.589693185   65.981365011
       1      54   65.790860561   67.049730740
       1      55   66.180206434   68.365080882
       1      56   66.180206434   68.365080882
       1      57   66.342905753   67.374914228
       1      58   66.342905753   67.374914228
  0.000000000  0.125000000  0.125000000      58
       1       1   -5.585005563   -6.376770725
       1       2    4.961998321    3.884839678
       1       3    5.462755203    4.427719583
       1       4    5.462755203    4.427719583
       1       5    8.276382212    7.995150172
       1       6   10.030417609    9.720755075
       1       7   10.030417609    9.720755075
       1       8   10.752413895   10.398397542
       1       9   12.817479005   12.707698754
       1      10   14.398415578   14.349254977
       1      11   15.226502788   14.941194536
       1      12   18.061382120   17.785848236
       1      13   18.061382120   17.785848236
       1      14   18.528208721   18.258579094
       1      15   23.476253797   22.878312371
       1      16   26.963608127   26.149070697
       1      17   26.963608127   26.149070697
       1      18   28.376821106   27.184917051
       1      19   28.928826546   27.703140297
       1      20   29.839218966   28.540754324
       1      21   32.663285027   31.089085321
       1      22   33.040148228   31.067724322
       1      23   33.040148228   31.067724322
       1      24   38.430436415   37.988864028
       1      25   38.430436415   37.988864028
       1      26   38.860201376   37.802134743
       1      27   39.428181462   38.284334652
       1      28   39.428181462   38.284334652
       1      29   39.598196044   37.807796072
       1      30   41.751095624   40.754164130
       1      31   43.923370776   43.555766359
       1      32   44.482838701   43.406281798
       1      33   45.746659922   45.590184461
       1      34   47.293069554   47.794695483
       1      35   47.783126144   49.290460484
       1      36   47.783126144   49.290460484
       1      37   47.960169363   47.428321844
       1      38   49.004020932   48.966480352
       1      39   49.004020932   48.966480352
       1      40   49.986794929   50.824100320
       1      41   49.986794929   50.824100320
       1      42   52.618271076   55.287668066
       1      43   53.796371707   54.911984604
       1      44   53.985056496   56.086768399
       1      45   54.560209867   55.288594794
       1      46   54.560209867   55.288594794
       1      47   54.971195882   55.503807340
       1      48   55.269767183   56.002755873
       1      49   55.269767183   56.002755873
       1      50   55.379666258   55.566257880
       1      51   55.708227077   56.367634004
       1      52   57.956023103   60.461175383
       1      53   59.103106099   64.864876342
       1      54   59.103106099   64.864876342
       1      55   61.553843904   62.757295411
       1      56   63.808319056   64.648894286
       1      57   63.808319056   64.648894286
       1      58   65.135935896   66.217099686
  0.000000000  0.125000000  0.250000000      58
       1       1   -5.104791383   -5.941080314
       1       2    3.029030938    1.946159660
       1       3    4.940510714    3.895272687
       1       4    5.023413709    3.994063147
       1       5    8.407837126    8.094773782
       1       6   10.047180592    9.738804596
       1       7   10.800586114   10.516999857
       1       8   11.014455185   10.827866540
       1       9   13.855837223   13.572525398
       1      10   14.556051850   14.473605972
       1      11   16.257275465   15.968840831
       1      12   17.870111461   17.581672544
       1      13   19.519980251   19.198556087
       1      14   20.786903091   20.406563840
       1      15   24.041290891   23.463741002
       1      16   24.454523529   23.810274117
       1      17   25.591525707   24.844761438
       1      18   27.880695151   26.958916252
       1      19   28.045997713   27.125263035
       1      20   29.415801600   28.032320766
       1      21   32.507574760   30.869399494
       1      22   33.485734129   30.913600640
       1      23   34.498876843   32.683579467
       1      24   36.148257869   34.890061177
       1      25   37.877396317   36.636039922
       1      26   38.568195577   37.129449455
       1      27   38.908887395   38.224956359
       1      28   39.658093774   38.595713039
       1      29   40.103318954   39.182965906
       1      30   41.062216029   40.448904943
       1      31   42.437482503   41.592679660
       1      32   42.848126605   42.886021192
       1      33   45.485925605   46.228341410
       1      34   45.508042165   45.609471049
       1      35   46.395512398   46.235193881
       1      36   47.151273918   47.785682033
       1      37   47.461416993   47.652379828
       1      38   49.238191167   50.460353572
       1      39   49.780334277   49.945510045
       1      40   49.942521560   50.098574918
       1      41   51.265822090   52.107274068
       1      42   51.879175782   52.793042797
       1      43   52.221493141   52.926792196
       1      44   52.947227499   54.640526300
       1      45   53.967074607   54.272353409
       1      46   54.826971609   56.240702515
       1      47   56.221227628   56.944496456
       1      48   56.465207129   57.575487826
       1      49   57.848641949   59.792430154
       1      50   58.189439469   61.628686942
       1      51   60.259307379   62.005932509
       1      52   60.905600350   62.246169510
       1      53   62.711271839   64.124932252
       1      54   62.857326230   64.340291477
       1      55   63.183863514   64.361416130
       1      56   63.818047099   65.392613438
       1      57   65.606571412   67.469350294
       1      58   67.182513739   68.927517630
  0.000000000  0.125000000  0.375000000      58
       1       1   -4.267026976   -5.173384916
       1       2    0.917964408   -0.158269548
       1       3    4.418568886    3.384981310
       1       4    4.669635962    3.606249598
       1       5    8.504974167    8.204578239
       1       6    9.951560311    9.673789986
       1       7   10.778201347   10.552852596
       1       8   11.749034363   11.541322146
       1       9   15.627529137   15.388014696
       1      10   15.702651189   15.548081447
       1      11   16.257340156   15.926004610
       1      12   19.755031632   19.312430778
       1      13   19.820902669   19.471583061
       1      14   21.584096729   21.151375112
       1      15   23.132028354   22.634187317
       1      16   24.016857566   23.402905438
       1      17   25.020292815   24.335151054
       1      18   28.329132882   27.389310799
       1      19   28.922798234   27.751559890
       1      20   29.974952610   28.216275688
       1      21   31.215612089   27.716307559
       1      22   31.871644706   29.981221735
       1      23   33.761980895   31.262122657
       1      24   35.599194336   34.253465143
       1      25   36.671250480   34.973948498
       1      26   36.773640771   35.408749588
       1      27   37.092585354   36.163334188
       1      28   38.169139579   37.018487908
       1      29   39.747254112   38.357890312
       1      30   39.963931462   39.673516801
       1      31   41.456827145   40.759810524
       1      32   42.861023924   42.047393245
       1      33   44.591208035   44.310696557
       1      34   44.635620718   44.601842867
       1      35   45.967529647   45.839335497
       1      36   46.298930233   46.937452552
       1      37   49.272087909   50.140558284
       1      38   49.575302392   50.581444866
       1      39   49.905698572   51.119906517
       1      40   50.700043166   50.886878474
       1      41   51.671564537   52.144645571
       1      42   52.254847620   53.953772271
       1      43   53.387764256   54.260916219
       1      44   53.835694071   54.155175805
       1      45   55.679163802   56.579321545
       1      46   56.272665103   57.231484079
       1      47   56.614681431   57.077312429
       1      48   59.066752395   60.424377487
       1      49   59.433431356   61.175357114
       1      50   61.235886317   62.867054429
       1      51   62.642448944   64.124962047
       1      52   63.502240122   65.244069342
       1      53   64.381938176   66.087832919
       1      54   64.708071475   66.074795876
       1      55   65.628752645   67.127449664
       1      56   66.716685471   68.320730240
       1      57   66.936127399   68.748645412
       1      58   67.220199013   68.934253090
  0.000000000  0.125000000  0.500000000      58
       1       1   -3.371550035   -4.347517928
       1       2   -0.593048421   -1.634111832
       1       3    3.961384865    2.921099396
       1       4    4.698325778    3.621749199
       1       5    8.456856034    8.166795517
       1       6    9.796320711    9.525180481
       1       7   10.397246787   10.201311511
       1       8   13.678801470   13.441210336
       1       9   15.254319369   15.026591196
       1      10   16.868891025   16.669716460
       1      11   17.875679920   17.543917734
       1      12   18.069104978   17.793107314
       1      13   18.861147406   18.461346837
       1      14   21.393797693   20.901920123
       1      15   24.662467983   24.016665499
       1      16   26.130419770   25.368503316
       1      17   26.690647147   25.857741877
       1      18   27.489992156   26.628494557
       1      19   28.355237120   27.453487264
       1      20   28.740357820   27.635565275
       1      21   31.228128082   28.906151121
       1      22   32.356675120   30.232354577
       1      23   33.108624231   31.300191661
       1      24   33.890428060   31.878311223
       1      25   34.488839835   32.964603731
       1      26   36.092486928   35.027260920
       1      27   36.549103456   35.041349670
       1      28   36.845090778   35.786325847
       1      29   39.310736591   37.919849658
       1      30   40.163719069   38.841549008
       1      31   40.673358300   40.930060163
       1      32   41.225280869   40.148109565
       1      33   43.921343247   43.375614715
       1      34   44.487332117   44.594387510
       1      35   45.374933327   45.407397503
       1      36   47.521045586   48.220590933
       1      37   48.269170489   49.195841888
       1      38   50.776449063   51.607785316
       1      39   51.025799169   51.525480298
       1      40   52.624197856   53.380913700
       1      41   53.473761812   54.088459582
       1      42   54.333487966   55.819327236
       1      43   54.655858563   55.215382386
       1      44   54.988591143   55.354364006
       1      45   55.573621070   56.415957655
       1      46   56.165597117   57.387312528
       1      47   58.042377372   59.077836662
       1      48   59.343684848   60.490488498
       1      49   60.307061644   62.233538166
       1      50   61.981947459   63.490413119
       1      51   62.409910341   64.303130214
       1      52   63.281186385   64.605562364
       1      53   64.751763936   66.634784077
       1      54   65.045623341   67.514569038
       1      55   65.921682409   67.273855061
       1      56   66.518684487   68.567319108
       1      57   67.139633130   68.675217820
       1      58   67.725377216   69.334495449
  0.000000000  0.125000000  0.625000000      58
       1       1   -3.627499336   -4.584760984
       1       2   -0.208177774   -1.262552180
       1       3    3.771208352    2.735035921
       1       4    5.004404824    3.922188796
       1       5    8.641316848    8.343791345
       1       6    9.893742325    9.625922473
       1       7   10.163216259    9.971639977
       1       8   14.207519374   13.930574278
       1       9   14.443340152   14.284010989
       1      10   15.499873315   15.250516580
       1      11   17.544860420   17.278607499
       1      12   18.813827730   18.468338485
       1      13   20.706971960   20.326274426
       1      14   21.006837981   20.477913388
       1      15   23.247021679   22.706757403
       1      16   25.070002059   24.401526484
       1      17   26.956382389   26.139407753
       1      18   28.531497611   27.594515753
       1      19   28.846607589   27.728945582
       1      20   28.899229564   27.826343464
       1      21   31.365832300   29.121156728
       1      22   31.507636920   29.781720248
       1      23   33.717252289   31.950496086
       1      24   34.120684560   32.433729253
       1      25   34.288553191   32.707130232
       1      26   35.558811314   34.211157795
       1      27   36.999968118   36.062717141
       1      28   37.787870523   36.663199768
       1      29   40.029877692   38.358298334
       1      30   40.053427109   38.481667025
       1      31   40.593549525   40.645885161
       1      32   41.363174131   40.644811150
       1      33   43.963815798   43.500817625
       1      34   44.917690917   45.090085178
       1      35   45.678446224   45.846780467
       1      36   47.299883815   47.768677881
       1      37   47.784406123   48.784872875
       1      38   49.428429748   50.791850300
       1      39   50.805024210   51.314446842
       1      40   52.452463604   53.197756484
       1      41   53.241605710   53.667658569
       1      42   53.279969075   54.325745415
       1      43   54.530620800   55.697003881
       1      44   55.016173847   55.812151830
       1      45   55.492965930   55.624746212
       1      46   57.114418812   58.750451013
       1      47   58.549386213   59.424813676
       1      48   60.162215889   61.715333229
       1      49   60.784909752   62.254052983
       1      50   61.683864915   63.962041316
       1      51   62.371266390   64.339754370
       1      52   63.440302391   64.823896886
       1      53   63.560600423   65.045823275
       1      54   64.896510253   66.787644224
       1      55   65.243972871   67.117074216
       1      56   65.359515979   67.524512899
       1      57   66.663873923   67.665035301
       1      58   67.663448852   70.168936502
  0.000000000  0.125000000  0.750000000      58
       1       1   -4.582191367   -5.469057520
       1       2    1.594693642    0.510142852
       1       3    3.918280936    2.898307771
       1       4    5.508213539    4.426097864
       1       5    9.022140105    8.715899036
       1       6    9.987953232    9.766488695
       1       7   10.136611424    9.845915623
       1       8   12.603167982   12.339024492
       1       9   12.777484049   12.670369972
       1      10   16.095308061   15.821786558
       1      11   16.452793756   16.197173584
       1      12   18.743314242   18.395917209
       1      13   20.365015943   19.993667714
       1      14   21.839175515   21.392389771
       1      15   22.823930369   22.308127779
       1      16   24.350954708   23.655833109
       1      17   25.325671952   24.651056810
       1      18   28.098086752   26.976070329
       1      19   28.438346317   27.387264830
       1      20   29.265320252   28.037159588
       1      21   32.361582754   30.071888542
       1      22   32.831705381   30.482138745
       1      23   33.678346699   32.120236381
       1      24   35.970862317   34.517195729
       1      25   36.248153892   34.636780742
       1      26   37.232531586   36.004566265
       1      27   37.882234270   36.708352487
       1      28   38.833572199   37.597414909
       1      29   40.341425556   40.212478926
       1      30   40.607325721   39.175760209
       1      31   41.158638063   40.104639595
       1      32   44.058294651   43.928954410
       1      33   44.352931005   43.970291097
       1      34   45.600295201   46.276451643
       1      35   45.603734228   45.757045342
       1      36   46.657949889   47.445777018
       1      37   47.208524031   47.530999952
       1      38   48.318605662   49.030845354
       1      39   48.566031153   49.370886042
       1      40   50.636735594   51.045256294
       1      41   52.463934402   53.572049196
       1      42   52.995747530   53.611104586
       1      43   53.471166033   54.183533917
       1      44   53.876830778   54.163401123
       1      45   54.051283349   55.357600477
       1      46   55.149201843   55.955017164
       1      47   58.744225659   61.168238237
       1      48   59.035841669   61.843499430
       1      49   59.448546000   60.569343333
       1      50   60.269715782   61.505267334
       1      51   62.252795488   63.340018198
       1      52   62.567756169   63.867352279
       1      53   63.780327150   65.525580862
       1      54   64.029973752   65.083907982
       1      55   64.707933136   66.426543876
       1      56   65.159497672   67.017355650
       1      57   66.648245159   68.216358035
       1      58   66.943537733   68.625671960
  0.000000000  0.125000000  0.875000000      58
       1       1   -5.310932431   -6.131095190
       1       2    3.581198839    2.501718192
       1       3    4.610042091    3.613946537
       1       4    5.998762255    4.914845186
       1       5    9.373502574    9.084035824
       1       6    9.436977697    9.182108819
       1       7    9.643585332    9.276792065
       1       8   11.879011531   11.579979459
       1       9   12.642499881   12.574068515
       1      10   14.388156719   14.226630857
       1      11   15.974356955   15.670457437
       1      12   17.484876814   17.257739274
       1      13   18.710541897   18.409179394
       1      14   20.890327703   20.513422807
       1      15   24.132589151   23.539260473
       1      16   24.416924896   23.737987935
       1      17   27.246202476   26.391612268
       1      18   27.667574210   26.821839872
       1      19   28.100775069   27.135322570
       1      20   29.447603158   28.096917009
       1      21   32.729590072   30.708074851
       1      22   32.927750087   30.294216413
       1      23   34.857976593   32.378717434
       1      24   36.825048792   35.448753658
       1      25   37.888506332   37.279733407
       1      26   38.312434156   36.931971918
       1      27   39.476591115   39.019354629
       1      28   40.415134031   39.449698895
       1      29   40.656673017   39.947918710
       1      30   40.851730685   39.084658356
       1      31   42.531060390   41.676673975
       1      32   42.873846061   43.026122310
       1      33   45.204769126   45.110906182
       1      34   46.065869282   46.532023486
       1      35   46.362630540   46.589446094
       1      36   47.489469222   47.992272520
       1      37   48.002854985   48.487204657
       1      38   49.127321990   49.749035979
       1      39   49.689223985   50.744300908
       1      40   50.045629912   50.318837885
       1      41   50.819704241   51.339687471
       1      42   51.608824773   51.992058560
       1      43   52.735986833   54.527186104
       1      44   52.951067682   53.314548345
       1      45   53.731368776   55.217639652
       1      46   54.358491404   55.177963358
       1      47   55.005644878   55.659795159
       1      48   56.358692459   58.462925365
       1      49   57.695581146   59.270629874
       1      50   59.002455597   59.626923458
       1      51   59.522768253   60.774007737
       1      52   60.251981847   61.370996530
       1      53   60.665548141   62.523837359
       1      54   62.197227261   63.146062968
       1      55   62.403524910   63.485444739
       1      56   62.620153972   63.814226400
       1      57   63.834601093   64.827883438
       1      58   66.863475426   68.222217660
  0.000000000  0.250000000  0.250000000      58
       1       1   -4.756620529   -5.625334320
       1       2    2.761618624    1.641611854
       1       3    4.354791942    3.301093298
       1       4    4.354791942    3.301093298
       1       5    7.346097786    7.059719329
       1       6    9.360216878    9.177769787
       1       7   12.108285784   11.820826429
       1       8   12.108285784   11.820826429
       1       9   14.417569008   14.100279744
       1      10   15.326376078   15.251928636
       1      11   17.665840575   17.309828742
       1      12   19.382700999   19.054414999
       1      13   19.382700999   19.054414999
       1      14   20.038043908   19.710420428
       1      15   23.794389362   23.218680964
       1      16   23.794389362   23.218680964
       1      17   24.913546212   24.286302404
       1      18   26.628526279   25.754083313
       1      19   27.292107406   26.395729522
       1      20   31.329545237   29.193342941
       1      21   32.573224535   31.010830503
       1      22   33.599542254   30.836590524
       1      23   33.599542254   30.836590524
       1      24   36.042825093   34.277272380
       1      25   36.042825093   34.277272380
       1      26   36.151936297   35.005318797
       1      27   36.749679038   35.363692210
       1      28   41.435756243   40.558717703
       1      29   41.862733997   41.316003268
       1      30   42.347173311   42.120626680
       1      31   42.347173311   42.120626680
       1      32   43.534864778   42.763096239
       1      33   44.184360542   44.159778134
       1      34   44.184360542   44.159778134
       1      35   47.209528919   47.169101910
       1      36   47.539674200   47.322097195
       1      37   48.227124614   49.319863000
       1      38   48.227124614   49.319863000
       1      39   48.754075761   50.025369641
       1      40   50.383421355   50.208890619
       1      41   50.383421355   50.208890619
       1      42   51.188359362   51.784462668
       1      43   53.709386926   53.771967314
       1      44   53.709386926   53.771967314
       1      45   53.831020951   54.928173940
       1      46   55.230432582   56.129645294
       1      47   56.430616086   57.063187291
       1      48   58.048649109   58.999362727
       1      49   58.509906128   59.435506364
       1      50   58.679604793   61.728753787
       1      51   58.679604793   61.728753787
       1      52   59.879914649   61.498651319
       1      53   64.189795524   66.114083909
       1      54   64.654160569   65.916086714
       1      55   64.654160569   65.916086714
       1      56   65.201811873   66.210750395
       1      57   68.996234434   71.120133749
       1      58   68.996234434   71.120133749
  0.000000000  0.250000000  0.375000000      58
       1       1   -4.028340655   -4.953810689
       1       2    1.307993724    0.191950263
       1       3    3.544499111    2.518737681
       1       4    4.030496869    2.964671182
       1       5    7.564964829    7.279221499
       1       6    9.118772642    8.905801949
       1       7   12.341316328   12.050266037
       1       8   12.615898135   12.370920582
       1       9   16.390184803   16.250198646
       1      10   16.537164987   16.179595317
       1      11   17.953589970   17.614908345
       1      12   19.615234704   19.272035103
       1      13   20.064929325   19.668512915
       1      14   21.194542130   20.768523464
       1      15   22.333991428   21.877057862
       1      16   23.502872293   22.962050730
       1      17   24.889726841   24.251400450
       1      18   26.172227443   25.360729967
       1      19   28.241261895   27.239206798
       1      20   30.639891325   28.424277540
       1      21   31.557730037   29.546884564
       1      22   32.720360417   30.569460697
       1      23   32.815351379   30.931787601
       1      24   33.885421073   32.701350480
       1      25   35.443796041   33.740588130
       1      26   35.696772434   34.388379054
       1      27   36.952827717   35.351187378
       1      28   39.833913511   39.113106774
       1      29   40.079492663   38.955427405
       1      30   41.786196456   41.086230590
       1      31   43.199752439   42.617486440
       1      32   43.599948383   43.055674439
       1      33   43.929213104   43.827461525
       1      34   44.284645701   44.172754133
       1      35   46.422535325   46.288055571
       1      36   46.993723133   47.671242736
       1      37   48.411840569   48.738472321
       1      38   49.260678863   50.396371523
       1      39   49.611446312   49.976971444
       1      40   50.678433605   50.773651452
       1      41   52.073016847   53.120817249
       1      42   52.148068428   52.473710481
       1      43   53.329141098   54.364146153
       1      44   54.237149792   54.658985081
       1      45   54.436743773   54.836552202
       1      46   55.532401614   56.563939469
       1      47   56.185714595   57.482831675
       1      48   58.896831139   60.386298033
       1      49   59.090845385   60.174223674
       1      50   60.387747904   61.743828225
       1      51   62.167480751   63.743911568
       1      52   64.032571143   65.811436004
       1      53   64.252739206   65.630302905
       1      54   65.326468632   67.828161235
       1      55   65.777237793   67.476273239
       1      56   66.746957211   68.656684916
       1      57   67.993345965   70.827963736
       1      58   68.471376302   70.524710381
  0.000000000  0.250000000  0.500000000      58
       1       1   -3.072025081   -4.065827528
       1       2   -0.178361095   -1.261788935
       1       3    2.653043090    1.633299826
       1       4    4.035783113    2.962434814
       1       5    7.725781043    7.479962874
       1       6   10.707300720   10.462823723
       1       7   12.085027218   11.791970202
       1       8   12.252291368   12.047221479
       1       9   16.531425646   16.210511351
       1      10   16.924090331   16.704886455
       1      11   18.593000204   18.330069471
       1      12   19.047050569   18.666242614
       1      13   19.349977948   18.960856566
       1      14   23.170845797   22.628043788
       1      15   24.200759403   23.599663060
       1      16   24.952195649   24.244331126
       1      17   25.835720922   25.121202111
       1      18   25.966031252   25.216975530
       1      19   26.326038370   25.529002230
       1      20   29.441957675   27.603444074
       1      21   30.110851815   28.689378332
       1      22   31.644687809   29.719029800
       1      23   31.991931161   30.285428022
       1      24   34.237896830   33.119640256
       1      25   35.702231628   34.475273594
       1      26   35.843293765   34.499534309
       1      27   36.044697346   34.854906958
       1      28   37.734377526   36.761490480
       1      29   38.494865768   37.355552325
       1      30   40.828936086   39.805064964
       1      31   42.137105475   41.572764342
       1      32   42.677791520   41.722832684
       1      33   43.650562794   42.942418131
       1      34   44.341873057   44.293817200
       1      35   45.830097789   46.246299878
       1      36   47.464411938   47.411184077
       1      37   49.643721110   49.868578039
       1      38   51.109818968   51.927960558
       1      39   51.398115990   52.254670974
       1      40   52.027432219   52.460367946
       1      41   52.072006766   52.866175340
       1      42   52.910223946   53.538933883
       1      43   53.341481066   54.155350496
       1      44   55.494326147   56.009805311
       1      45   55.776171023   56.776168938
       1      46   57.766264693   58.587774468
       1      47   58.042924536   60.060404772
       1      48   58.971139790   60.519773589
       1      49   59.405400868   60.475722925
       1      50   61.457040362   63.311148919
       1      51   61.939880934   63.701711320
       1      52   62.994477463   64.638153386
       1      53   63.380316026   65.080710595
       1      54   65.585588069   67.420655055
       1      55   66.550553525   68.169334563
       1      56   67.502078159   69.537589443
       1      57   68.242322997   70.966657288
       1      58   68.351062466   71.391700539
  0.000000000  0.250000000  0.625000000      58
       1       1   -2.856345543   -3.862834304
       1       2   -0.449465840   -1.522388769
       1       3    2.176957651    1.161548296
       1       4    4.364075214    3.289070900
       1       5    8.064023392    7.826554779
       1       6   11.751169590   11.452215855
       1       7   11.810555695   11.610936788
       1       8   13.287886000   13.043599675
       1       9   14.323370040   14.163960871
       1      10   14.353838258   14.053297917
       1      11   18.896828511   18.597878297
       1      12   21.280814035   20.886844688
       1      13   21.425861478   20.871159318
       1      14   22.399121371   21.908858268
       1      15   22.845863066   22.332708673
       1      16   24.841478798   24.184073577
       1      17   25.813085811   25.065216003
       1      18   26.278838889   25.511450483
       1      19   28.229412447   27.125183163
       1      20   28.592634219   27.310353946
       1      21   31.189610517   29.247856965
       1      22   31.739891737   30.356108456
       1      23   32.566648318   30.298348124
       1      24   32.959133016   30.755492002
       1      25   34.301988151   33.063591838
       1      26   35.054249017   33.770695764
       1      27   35.882276162   33.820217700
       1      28   36.634298118   35.627774540
       1      29   40.057611768   39.271999945
       1      30   40.583421906   39.105973530
       1      31   42.279774208   41.654830666
       1      32   42.414834244   41.502184646
       1      33   43.709250986   43.410543541
       1      34   44.648776780   44.833448132
       1      35   45.137512349   45.511204971
       1      36   46.715078940   46.296568947
       1      37   49.490334367   49.958896539
       1      38   49.569013621   51.073053149
       1      39   51.411122168   52.456872976
       1      40   51.545821175   52.392928546
       1      41   54.242064699   55.506289030
       1      42   55.026155363   55.338997105
       1      43   55.537831987   56.747311989
       1      44   55.935853593   56.716425994
       1      45   56.248219258   57.359791695
       1      46   56.949961170   57.659038121
       1      47   57.647846243   58.116509082
       1      48   60.456167642   62.663221795
       1      49   60.860936857   62.650704067
       1      50   61.087112389   63.044575471
       1      51   61.514517446   63.294839682
       1      52   62.990944188   64.949615234
       1      53   63.578089369   64.549638877
       1      54   64.095235058   65.957365636
       1      55   64.859831907   68.787866699
       1      56   66.537926842   67.933957265
       1      57   67.203913816   69.348633654
       1      58   67.962905294   69.306700102
  0.000000000  0.250000000  0.750000000      58
       1       1   -3.766213088   -4.712419562
       1       2    0.748689728   -0.354641938
       1       3    2.416638109    1.412744438
       1       4    4.938648053    3.863114276
       1       5    8.704227616    8.466042030
       1       6   11.127639385   10.904382959
       1       7   11.411505966   11.085719006
       1       8   12.467797167   12.195480172
       1       9   12.741755796   12.627551492
       1      10   15.980458948   15.678392498
       1      11   18.942753090   18.630465404
       1      12   19.594543697   19.232578157
       1      13   19.788915238   19.449491698
       1      14   23.033887689   22.491086243
       1      15   23.508991981   22.971569798
       1      16   23.745078577   23.099343390
       1      17   25.125160736   24.410453473
       1      18   27.591672864   26.633524062
       1      19   28.254401018   27.208868329
       1      20   30.319265202   28.398959829
       1      21   31.168669499   29.078380567
       1      22   31.771931989   29.373698477
       1      23   33.162552969   32.073531030
       1      24   33.679163036   32.173633458
       1      25   34.110939848   32.564095540
       1      26   36.016722034   32.995375839
       1      27   36.857843147   35.596374601
       1      28   37.770744347   36.414496655
       1      29   40.448692698   39.442707205
       1      30   40.715381054   39.004236724
       1      31   42.564616741   41.831764218
       1      32   44.148871963   43.626402454
       1      33   44.484208942   43.892858789
       1      34   44.661633241   44.911798069
       1      35   45.161819058   45.427369803
       1      36   45.449180329   45.235351518
       1      37   46.010345871   47.436337698
       1      38   48.846357235   49.756259136
       1      39   50.689181130   51.435635823
       1      40   52.057498302   52.656551018
       1      41   52.545626929   53.436051615
       1      42   53.209030030   53.993543110
       1      43   55.662966809   56.697494212
       1      44   55.788720915   56.558816603
       1      45   57.261967101   57.919359541
       1      46   57.318822771   58.285893148
       1      47   57.533262950   58.124171516
       1      48   59.398239731   60.961475960
       1      49   60.186188630   62.753812301
       1      50   61.628076930   62.809043456
       1      51   61.801861854   64.244950117
       1      52   62.815723634   63.966216144
       1      53   63.012623268   64.208060897
       1      54   63.826666104   65.121253902
       1      55   64.568531830   66.128212042
       1      56   65.434267462   68.823954518
       1      57   67.255118892   69.366867631
       1      58   67.649801397   69.116587239
  0.000000000  0.375000000  0.375000000      58
       1       1   -3.412334700   -4.382731258
       1       2    0.496792606   -0.616890338
       1       3    3.622445095    2.548604477
       1       4    3.622445095    2.548604477
       1       5    6.800236119    6.523346498
       1       6    7.720711491    7.512305915
       1       7   14.406542811   14.122156124
       1       8   14.406542811   14.122156124
       1       9   16.865808012   16.743325876
       1      10   17.060748657   16.670550168
       1      11   19.399977988   19.051653192
       1      12   19.399977988   19.051653192
       1      13   19.910119102   19.430194496
       1      14   21.708745863   21.354602479
       1      15   22.313138267   21.869859208
       1      16   23.252244090   22.711155485
       1      17   23.252244090   22.711155485
       1      18   25.135462699   24.423674991
       1      19   29.873367602   28.638409019
       1      20   29.918006300   28.776198366
       1      21   30.550808298   28.428211397
       1      22   30.550808298   28.428211397
       1      23   31.812940923   30.369081172
       1      24   33.583948820   31.251650009
       1      25   35.538110180   34.062792371
       1      26   35.538110180   34.062792371
       1      27   35.593584586   34.747366160
       1      28   41.638832385   41.234165108
       1      29   41.638832385   41.234165108
       1      30   41.799675659   41.203926952
       1      31   42.137211317   41.081412613
       1      32   42.757779850   41.919140050
       1      33   46.013172884   46.318151930
       1      34   46.272024286   46.158954463
       1      35   46.272024286   46.158954463
       1      36   47.295630720   48.942038648
       1      37   47.295630720   48.942038648
       1      38   47.978646856   47.650823073
       1      39   49.162361831   49.108077943
       1      40   50.240169549   50.715679402
       1      41   50.409580742   50.708648389
       1      42   50.409580742   50.708648389
       1      43   52.941172605   54.791682525
       1      44   55.671593179   55.832255732
       1      45   55.671593179   55.832255732
       1      46   55.840341539   55.736456880
       1      47   59.484525685   60.844586544
       1      48   60.367058228   63.431804500
       1      49   60.466564340   62.938089254
       1      50   62.277227969   62.779820965
       1      51   62.937359823   64.906189266
       1      52   62.937359823   64.906189266
       1      53   63.913465588   65.283687350
       1      54   63.913465588   65.283687350
       1      55   65.814664530   69.308268450
       1      56   66.705615746   68.705165055
       1      57   67.925298737   69.537849014
       1      58   67.925298737   69.537849014
  0.000000000  0.375000000  0.500000000      58
       1       1   -2.490760956   -3.515127031
       1       2   -0.609466934   -1.700534437
       1       3    2.748793525    1.723167453
       1       4    3.545225168    2.466411851
       1       5    7.075933578    6.822018979
       1       6    8.180801807    7.912403116
       1       7   14.633723126   14.387712646
       1       8   14.708330201   14.411485408
       1       9   17.112087605   16.776808215
       1      10   17.193098987   16.952536616
       1      11   18.764913139   18.532394211
       1      12   19.199174192   18.747867735
       1      13   21.256333921   20.757055702
       1      14   21.426065814   21.055354066
       1      15   22.309049781   21.843888361
       1      16   25.145085953   24.462449052
       1      17   25.159360389   24.504785758
       1      18   25.786016252   25.078719952
       1      19   27.238566624   26.314480217
       1      20   28.793773015   27.278580238
       1      21   29.109595596   27.579528741
       1      22   29.991544272   28.473613997
       1      23   30.460864028   28.990143533
       1      24   32.369621430   29.712184009
       1      25   35.838932689   34.048125010
       1      26   36.501883129   35.155158303
       1      27   38.336231209   37.083053645
       1      28   39.482579883   38.670091284
       1      29   39.697413219   38.540123556
       1      30   41.001651698   40.399042228
       1      31   42.084009989   41.082889781
       1      32   43.306527265   42.281772890
       1      33   44.145536172   43.754622156
       1      34   46.034333506   46.395557010
       1      35   46.548102147   46.649493135
       1      36   46.995217373   46.763677270
       1      37   47.191707099   47.712244549
       1      38   49.152697971   49.729017641
       1      39   49.681267029   50.447618669
       1      40   50.004530341   50.359753086
       1      41   51.381644259   51.672305910
       1      42   53.487891296   54.184798815
       1      43   54.394319747   55.032493547
       1      44   55.608298407   56.221907764
       1      45   57.074104000   58.242406608
       1      46   57.646469626   57.952402317
       1      47   58.596317254   59.792575779
       1      48   60.429355858   62.205527274
       1      49   61.152070469   63.184224959
       1      50   61.829372113   62.749119088
       1      51   62.647375789   64.416984855
       1      52   63.250523365   65.114132732
       1      53   63.984622680   66.414038609
       1      54   64.771835957   67.013723787
       1      55   65.670738065   68.231054206
       1      56   65.843657515   67.920328970
       1      57   67.108730947   69.165092656
       1      58   67.824223946   69.460953431
  0.000000000  0.375000000  0.625000000      58
       1       1   -2.027508720   -3.081116626
       1       2   -1.022135452   -2.094825739
       1       3    1.840428194    0.841937105
       1       4    3.810203666    2.732869907
       1       5    7.394290303    7.152117085
       1       6   10.388624309   10.134210120
       1       7   13.841926432   13.602833209
       1       8   14.337962178   14.057488267
       1       9   14.591535684   14.270634637
       1      10   14.850712682   14.700285152
       1      11   21.021000058   20.476620942
       1      12   21.368428622   21.009229523
       1      13   21.926165775   21.474757522
       1      14   22.080883384   21.637314606
       1      15   22.245363151   21.750376954
       1      16   23.424758708   22.850618533
       1      17   26.024467079   25.283250761
       1      18   26.261081108   25.531551863
       1      19   28.017620651   26.812579592
       1      20   28.111389006   26.808129543
       1      21   29.297211642   26.788929013
       1      22   29.364198181   28.074369558
       1      23   31.773882211   29.532409732
       1      24   32.498340107   29.479359460
       1      25   35.725485728   34.711098694
       1      26   35.930328869   33.945722105
       1      27   35.955010046   34.678821326
       1      28   37.493953992   36.281140734
       1      29   41.214981619   40.802353097
       1      30   41.312866810   39.875083214
       1      31   41.579815604   40.840125333
       1      32   41.909990697   41.261704256
       1      33   43.391845713   42.487663149
       1      34   44.996784709   45.383145581
       1      35   45.574797023   45.445110577
       1      36   46.996446070   47.060829132
       1      37   49.308785667   49.755860814
       1      38   49.718819899   50.819038868
       1      39   51.196361542   52.531266942
       1      40   52.099089894   52.637386045
       1      41   52.937536061   52.994649463
       1      42   54.016417234   54.513904911
       1      43   55.476423498   56.141208543
       1      44   55.689508238   56.289026991
       1      45   56.753084812   57.112072535
       1      46   58.187142723   59.563059871
       1      47   58.974299645   60.560255029
       1      48   59.523963071   63.055339036
       1      49   61.191251465   63.777217093
       1      50   61.727622612   62.695274897
       1      51   61.736178312   63.381003917
       1      52   62.042346131   63.074208044
       1      53   62.581006818   64.826199864
       1      54   64.475324341   69.098654737
       1      55   64.907229792   66.845049275
       1      56   65.402301862   67.281187566
       1      57   67.958043266   69.605054568
       1      58   68.070198411   69.894922560
  0.000000000  0.500000000  0.500000000      58
       1       1   -1.620457993   -2.674860171
       1       2   -1.620457993   -2.674860171
       1       3    3.371426581    2.290205933
       1       4    3.371426581    2.290205933
       1       5    6.881565012    6.630722606
       1       6    6.881565012    6.630722606
       1       7   16.489399166   16.116695124
       1       8   16.489399166   16.116695124
       1       9   17.347373433   17.120884599
       1      10   17.347373433   17.120884599
       1      11   19.002886618   18.797495839
       1      12   19.002886618   18.797495839
       1      13   19.346004773   18.874145563
       1      14   19.346004773   18.874145563
       1      15   25.207966845   24.599534069
       1      16   25.207966845   24.599534069
       1      17   26.098489950   25.325326648
       1      18   26.098489950   25.325326648
       1      19   26.790595951   25.942930272
       1      20   26.790595951   25.942930272
       1      21   27.910247123   26.374908503
       1      22   27.910247123   26.374908503
       1      23   31.871747963   29.978963650
       1      24   31.871747963   29.978963650
       1      25   35.953353956   33.877066949
       1      26   35.953353956   33.877066949
       1      27   40.682872249   40.253378297
       1      28   40.682872249   40.253378297
       1      29   40.789506327   40.192975172
       1      30   40.789506327   40.192975172
       1      31   42.331112352   41.425276708
       1      32   42.331112352   41.425276708
       1      33   45.125522711   45.720632305
       1      34   45.125522711   45.720632305
       1      35   46.981895731   48.048255689
       1      36   46.981895731   48.048255689
       1      37   47.297122627   47.189783272
       1      38   47.297122627   47.189783272
       1      39   48.575555287   48.490710575
       1      40   48.575555287   48.490710575
       1      41   51.786990458   51.905154839
       1      42   51.786990458   51.905154839
       1      43   56.083734352   56.773985901
       1      44   56.083734352   56.773985901
       1      45   58.022371366   59.302371719
       1      46   58.022371366   59.302371719
       1      47   58.991923130   59.623619526
       1      48   58.991923130   59.623619526
       1      49   63.583162717   65.112543053
       1      50   63.583162717   65.112543053
       1      51   63.713117454   65.862350204
       1      52   63.713117454   65.862350204
       1      53   64.332412273   66.203237736
       1      54   64.332412273   66.203237736
       1      55   65.241200886   69.310876770
       1      56   65.241200886   69.310876770
       1      57   68.285477216   70.411067615
       1      58   68.285477216   70.411067615
  0.125000000  0.250000000  0.375000000      58
       1       1   -4.501962920   -5.396268236
       1       2    1.962854596    0.851399552
       1       3    3.493714862    2.483961380
       1       4    4.832096967    3.780858019
       1       5    8.707950307    8.402509598
       1       6   10.215261319    9.980071249
       1       7   10.449907220   10.218014610
       1       8   11.837197126   11.551207425
       1       9   14.135417140   13.954705812
       1      10   16.633974141   16.360040746
       1      11   17.361906709   17.018163788
       1      12   18.433855582   18.177602044
       1      13   20.233689311   19.865041605
       1      14   21.478021432   21.043844801
       1      15   22.255046999   21.765051572
       1      16   24.603916101   23.972665037
       1      17   25.771367332   25.027191891
       1      18   26.933551407   26.089903933
       1      19   28.039557057   27.140829945
       1      20   29.858495092   28.089705642
       1      21   31.609520668   29.929471079
       1      22   32.472059802   30.285225792
       1      23   34.300714903   33.221735324
       1      24   35.165917867   33.526494654
       1      25   35.887549534   34.365374811
       1      26   37.832035382   36.821829051
       1      27   38.377303732   37.209936542
       1      28   38.540414581   37.236033088
       1      29   40.569651614   39.537254558
       1      30   40.615345133   39.628430851
       1      31   42.348148897   41.962818355
       1      32   42.675504174   42.836091994
       1      33   43.731506421   44.261263986
       1      34   45.965486805   45.938016629
       1      35   46.828772946   46.456475936
       1      36   46.873156157   46.632830362
       1      37   47.570774075   48.903078005
       1      38   48.557955598   49.409311187
       1      39   49.289173679   49.601178712
       1      40   50.141533128   50.409876245
       1      41   51.683764717   52.078033370
       1      42   52.198028979   53.449516467
       1      43   53.684262158   55.147975770
       1      44   53.865066757   54.315339233
       1      45   54.832630658   55.721923748
       1      46   56.293581777   57.116990630
       1      47   56.946207741   58.304560387
       1      48   57.374309599   58.623561463
       1      49   58.770353778   60.512181987
       1      50   60.878195916   63.099114761
       1      51   60.941742511   61.956329925
       1      52   61.561919354   63.722377925
       1      53   64.093627341   65.564996547
       1      54   65.119378819   66.626369413
       1      55   65.462954798   66.970785158
       1      56   66.492946455   68.143519026
       1      57   66.695729585   68.379289011
       1      58   67.151933586   68.580957838
  0.125000000  0.250000000  0.500000000      58
       1       1   -3.587163883   -4.547914704
       1       2    0.368761548   -0.718014289
       1       3    2.876712309    1.851333998
       1       4    4.311002738    3.267439758
       1       5    9.136582177    8.865550499
       1       6    9.831218759    9.566506214
       1       7   11.311588841   11.088089640
       1       8   12.265600112   12.014803606
       1       9   15.376232521   15.152072790
       1      10   16.063919815   15.775396550
       1      11   18.329849385   18.057509965
       1      12   19.319738638   18.942373871
       1      13   20.590985874   20.160347920
       1      14   21.508894698   21.084057678
       1      15   23.661438011   23.090234790
       1      16   24.597190308   23.918964871
       1      17   25.431345791   24.729438322
       1      18   27.439455276   26.576752286
       1      19   28.181672358   27.281130974
       1      20   29.290421106   27.938582488
       1      21   30.664539731   28.702513319
       1      22   32.145574648   30.602977023
       1      23   32.483408849   30.837955353
       1      24   33.714191645   31.987516996
       1      25   35.260654145   33.963558092
       1      26   36.183121933   34.912213065
       1      27   37.666712538   36.594246605
       1      28   37.969855794   36.937166703
       1      29   38.860572414   37.751386796
       1      30   39.789023984   38.533820253
       1      31   41.624789166   41.155078012
       1      32   42.917573590   42.408847800
       1      33   43.214231084   43.122008306
       1      34   45.727788438   45.629271317
       1      35   46.188487397   46.399410244
       1      36   47.460942888   46.990128486
       1      37   48.538359290   49.571173267
       1      38   49.229658566   49.765537493
       1      39   50.193412723   51.158360309
       1      40   51.899394762   52.546033597
       1      41   52.104673050   52.962378261
       1      42   53.416387533   54.150919140
       1      43   54.131851587   55.170469948
       1      44   55.014568352   55.719702781
       1      45   56.027330883   56.667277152
       1      46   57.522562160   59.022351684
       1      47   58.031292106   58.988142699
       1      48   58.955437417   61.099493051
       1      49   59.910558041   61.652510009
       1      50   61.574028966   62.766671224
       1      51   62.247896352   63.997888311
       1      52   63.328374592   64.951889358
       1      53   63.948847595   65.393936059
       1      54   64.541444423   65.895774586
       1      55   65.048979159   67.307030116
       1      56   66.452184599   67.997896787
       1      57   66.553347814   68.961674610
       1      58   68.132587148   72.363485108
  0.125000000  0.250000000  0.625000000      58
       1       1   -2.907035362   -3.913474545
       1       2   -0.613501501   -1.667951823
       1       3    2.750378463    1.717421046
       1       4    4.072232548    3.030106642
       1       5    9.355256229    9.073609771
       1       6    9.366693574    9.122383274
       1       7   12.243579405   12.002969873
       1       8   13.421626987   13.193079569
       1       9   13.737544076   13.490831426
       1      10   16.917640039   16.681868368
       1      11   18.075060609   17.749976171
       1      12   18.741567385   18.428578326
       1      13   21.870775530   21.315843567
       1      14   21.968840436   21.523405526
       1      15   24.514425838   23.874476607
       1      16   24.829309355   24.185841662
       1      17   25.893130196   25.145524109
       1      18   27.203961306   26.333484931
       1      19   27.421687157   26.539523685
       1      20   28.363699740   27.429940091
       1      21   31.401100977   29.657291206
       1      22   32.122107668   30.543355634
       1      23   32.135203217   30.487603662
       1      24   32.609091954   31.027008288
       1      25   34.758980456   33.627012428
       1      26   36.233670064   34.934132571
       1      27   36.260148204   34.995021891
       1      28   37.777369674   36.892205058
       1      29   38.451107514   37.601222368
       1      30   39.010076303   37.694487850
       1      31   41.346222680   40.922450670
       1      32   42.026772095   41.369936964
       1      33   43.407470458   43.063718799
       1      34   45.611561929   45.467483832
       1      35   46.508123834   46.727098375
       1      36   47.381101729   47.138973185
       1      37   49.562740645   50.502118214
       1      38   50.304579703   50.689966539
       1      39   50.883693275   51.628830987
       1      40   52.084758434   52.853037788
       1      41   53.142767121   53.823460006
       1      42   53.212405593   54.042523626
       1      43   55.040980178   56.189278056
       1      44   55.297458763   56.019909929
       1      45   57.087766360   57.738225072
       1      46   57.110443043   58.383926376
       1      47   58.087544062   59.122881755
       1      48   60.305892070   61.897691367
       1      49   60.950489467   63.115567117
       1      50   61.744881027   63.751927394
       1      51   62.047270929   63.490960447
       1      52   62.664558306   64.093058686
       1      53   63.499764013   65.413489995
       1      54   64.254935979   65.951202912
       1      55   65.003006731   66.903327850
       1      56   65.380591100   67.266468560
       1      57   67.293416860   70.000884410
       1      58   68.096565981   69.610312167
  0.125000000  0.375000000  0.500000000      58
       1       1   -3.205784588   -4.190326293
       1       2    0.274344458   -0.837475647
       1       3    2.825614472    1.803860545
       1       4    3.449100913    2.416255358
       1       5    8.179148291    7.878776313
       1       6    8.865166155    8.634634040
       1       7   12.083375054   11.830363388
       1       8   14.352022966   14.071222787
       1       9   16.562614477   16.325308225
       1      10   16.574674649   16.287673916
       1      11   19.265408292   18.868657942
       1      12   19.697392591   19.357777312
       1      13   20.558528077   20.136921455
       1      14   20.999944080   20.605578182
       1      15   23.073703931   22.530944800
       1      16   23.512697583   22.986435547
       1      17   25.970158935   25.252604479
       1      18   26.287047281   25.505579870
       1      19   28.192411027   27.236177338
       1      20   28.366584174   27.298175910
       1      21   30.020784152   28.089266890
       1      22   30.561832314   28.995758641
       1      23   32.612437460   30.835512246
       1      24   34.193237632   32.653932957
       1      25   34.681354120   33.728613840
       1      26   35.692283811   34.045504617
       1      27   38.260152251   37.353220787
       1      28   39.193339991   38.090822387
       1      29   39.307329980   38.082444627
       1      30   39.656327114   38.479413931
       1      31   40.633935797   39.960917015
       1      32   44.374901298   44.304093864
       1      33   45.104556436   44.852172135
       1      34   45.205863389   45.073778947
       1      35   47.170901458   46.932719916
       1      36   47.391999015   47.409249548
       1      37   48.267170561   48.811042588
       1      38   49.067665777   49.906589867
       1      39   49.663473536   50.358465111
       1      40   50.679213470   51.266015810
       1      41   51.985626221   52.211543003
       1      42   53.081519240   53.621041160
       1      43   53.792860036   54.924416208
       1      44   55.083503927   55.992141958
       1      45   55.662053185   56.860471887
       1      46   57.524430106   58.284476429
       1      47   57.583722478   59.226130013
       1      48   58.680255890   59.638628633
       1      49   60.833132290   62.052779991
       1      50   61.723804503   63.701469723
       1      51   62.580000541   63.702259495
       1      52   63.184626042   64.844290468
       1      53   64.459420387   66.132927046
       1      54   64.766610688   66.621730664
       1      55   65.508760114   68.296013233
       1      56   67.015817770   69.051485431
       1      57   67.437143815   68.970861684
       1      58   68.257873815   70.080756229
  0.125000000  0.375000000  0.625000000      58
       1       1   -2.300458682   -3.339149314
       1       2   -0.718370510   -1.804238369
       1       3    2.096161513    1.089811977
       1       4    3.239771244    2.212346572
       1       5    8.619041777    8.350841119
       1       6   10.535456192   10.278187102
       1       7   11.600979042   11.362028704
       1       8   13.778382429   13.535701580
       1       9   14.758614008   14.495734710
       1      10   17.456736732   17.162351113
       1      11   18.619950669   18.291168440
       1      12   20.655976140   20.241473303
       1      13   21.777832791   21.323044830
       1      14   22.382538882   21.876003044
       1      15   23.911078117   23.353842437
       1      16   24.759124044   24.112994136
       1      17   25.106133961   24.409032263
       1      18   25.796303475   25.054557257
       1      19   27.452072615   26.521179361
       1      20   28.167325511   27.110907946
       1      21   29.179271686   27.698242269
       1      22   30.780174607   28.709703969
       1      23   31.385622354   29.410141595
       1      24   34.181712484   32.827917891
       1      25   34.812576280   33.628511141
       1      26   35.513287249   34.409247578
       1      27   37.078681232   35.526560461
       1      28   37.857362211   36.692516500
       1      29   38.589749783   37.407811575
       1      30   38.978821548   37.910424013
       1      31   41.238292819   40.649005178
       1      32   42.994235384   42.503220899
       1      33   45.229021381   45.359048345
       1      34   45.800293920   45.463468497
       1      35   46.489161048   46.211751641
       1      36   47.577859839   47.395779559
       1      37   49.453930638   50.254690345
       1      38   49.732639969   50.388153376
       1      39   49.783889107   50.843425277
       1      40   52.094285239   52.926940428
       1      41   52.791762846   53.484999035
       1      42   53.505681121   53.941588586
       1      43   55.124823057   55.931339799
       1      44   56.020375330   56.866804464
       1      45   56.462524900   57.867413094
       1      46   57.921162376   59.004630994
       1      47   58.389342767   59.715985471
       1      48   59.372913705   60.843207761
       1      49   60.529713707   62.606456821
       1      50   61.571341675   63.534225370
       1      51   62.532058803   64.161535837
       1      52   62.925065857   64.747173850
       1      53   63.509987986   65.188783667
       1      54   64.780420387   66.757767059
       1      55   65.348888138   66.639213084
       1      56   66.093271564   67.978898900
       1      57   67.289518101   68.780913756
       1      58   68.172116308   70.296875147
  0.125000000  0.375000000  0.750000000      58
       1       1   -2.660266586   -3.680040791
       1       2   -0.348784111   -1.443745827
       1       3    1.921466055    0.919838939
       1       4    3.629869489    2.598894875
       1       5    9.113549618    8.850713131
       1       6   10.828191492   10.562119544
       1       7   11.513197718   11.290491189
       1       8   13.348554559   13.114776888
       1       9   14.232923820   13.952203490
       1      10   15.609685623   15.374898105
       1      11   20.476854285   20.111527482
       1      12   20.631207550   20.183484677
       1      13   20.959171004   20.531241121
       1      14   22.693094799   22.184482752
       1      15   22.966234672   22.450771242
       1      16   24.757606636   24.096925039
       1      17   25.506618578   24.806690858
       1      18   26.323117942   25.527424715
       1      19   27.596310007   26.664571712
       1      20   28.499574958   27.135792462
       1      21   29.741162213   27.983075109
       1      22   31.168023913   29.130111275
       1      23   32.293448952   30.392308940
       1      24   34.011197213   32.702789284
       1      25   34.688217060   33.272386692
       1      26   35.704736829   34.517196137
       1      27   35.747725979   34.527271992
       1      28   37.663759328   36.601531399
       1      29   38.076340503   37.097604778
       1      30   39.386602919   38.357967722
       1      31   41.545575540   40.745067490
       1      32   44.204348225   43.622846253
       1      33   44.283548569   43.724169374
       1      34   45.483395246   45.825291668
       1      35   45.863404099   45.940867331
       1      36   47.070634418   46.850674336
       1      37   49.839637692   51.235016590
       1      38   50.165804478   50.551413490
       1      39   50.581884165   51.540857109
       1      40   51.400299485   51.838592393
       1      41   52.327598197   53.106927228
       1      42   53.864713154   54.494319962
       1      43   55.427925660   56.249323627
       1      44   55.457073739   56.712803575
       1      45   56.700402280   57.576347013
       1      46   57.819003572   59.148739743
       1      47   59.066742772   61.881502058
       1      48   60.112793126   61.607903978
       1      49   60.604887618   61.737095792
       1      50   61.708778754   63.386509781
       1      51   61.783155112   63.468326638
       1      52   63.194179541   65.565300406
       1      53   63.787481387   64.928942136
       1      54   64.891491250   66.540444866
       1      55   64.955284310   66.637069376
       1      56   65.736527872   67.655334073
       1      57   65.993363896   68.160848128
       1      58   67.164139401   68.737396187
  0.125000000  0.500000000  0.625000000      58
       1       1   -1.535438762   -2.596550171
       1       2   -1.535438762   -2.596550171
       1       3    2.768170719    1.741944861
       1       4    2.768170719    1.741944861
       1       5    8.187778766    7.913334890
       1       6    8.187778766    7.913334890
       1       7   14.194205166   13.941397817
       1       8   14.194205166   13.941397817
       1       9   16.943648157   16.641915108
       1      10   16.943648157   16.641915108
       1      11   19.284987924   18.950776346
       1      12   19.284987924   18.950776346
       1      13   21.954323420   21.461242580
       1      14   21.954323420   21.461242580
       1      15   23.783334267   23.243735245
       1      16   23.783334267   23.243735245
       1      17   25.464326878   24.742814679
       1      18   25.464326878   24.742814679
       1      19   28.111813598   27.083029104
       1      20   28.111813598   27.083029104
       1      21   29.395740732   27.772198843
       1      22   29.395740732   27.772198843
       1      23   30.685667840   28.797008276
       1      24   30.685667840   28.797008276
       1      25   36.848295691   35.144481707
       1      26   36.848295691   35.144481707
       1      27   38.427172459   37.068887560
       1      28   38.427172459   37.068887560
       1      29   39.199694113   37.911075461
       1      30   39.199694113   37.911075461
       1      31   42.965568712   42.242782475
       1      32   42.965568712   42.242782475
       1      33   44.780092635   44.348043450
       1      34   44.780092635   44.348043450
       1      35   46.680462810   46.921708092
       1      36   46.680462810   46.921708092
       1      37   48.879972976   49.276348576
       1      38   48.879972976   49.276348576
       1      39   49.842315237   50.664110455
       1      40   49.842315237   50.664110455
       1      41   53.963554125   54.902005085
       1      42   53.963554125   54.902005085
       1      43   55.023537774   55.726190679
       1      44   55.023537774   55.726190679
       1      45   57.667541505   58.537587761
       1      46   57.667541505   58.537587761
       1      47   59.129729174   64.859963068
       1      48   59.129729174   64.859963068
       1      49   61.785499695   64.068835091
       1      50   61.785499695   64.068835091
       1      51   62.018419838   63.752970846
       1      52   62.018419838   63.752970846
       1      53   64.650714206   67.941636525
       1      54   64.650714206   67.941636525
       1      55   65.980062027   67.341740262
       1      56   65.980062027   67.341740262
       1      57   66.779949211   68.601407984
       1      58   66.779949211   68.601407984
  0.250000000  0.500000000  0.750000000      58
       1       1   -1.440990417   -2.513664994
       1       2   -1.440990417   -2.513664994
       1       3    2.306341375    1.302465440
       1       4    2.306341375    1.302465440
       1       5   10.508945857   10.239614134
       1       6   10.508945857   10.239614134
       1       7   11.334750363   11.106116775
       1       8   11.334750363   11.106116775
       1       9   16.948963716   16.640323529
       1      10   16.948963716   16.640323529
       1      11   19.443622567   19.086954300
       1      12   19.443622567   19.086954300
       1      13   22.815143719   22.320148933
       1      14   22.815143719   22.320148933
       1      15   24.985085121   24.305350770
       1      16   24.985085121   24.305350770
       1      17   25.253923644   24.539813937
       1      18   25.253923644   24.539813937
       1      19   26.247485344   25.485028735
       1      20   26.247485344   25.485028735
       1      21   30.069341475   28.073203325
       1      22   30.069341475   28.073203325
       1      23   34.131556899   32.426402129
       1      24   34.131556899   32.426402129
       1      25   34.300997251   32.895531355
       1      26   34.300997251   32.895531355
       1      27   35.990420007   35.036558169
       1      28   35.990420007   35.036558169
       1      29   39.012894666   37.268450780
       1      30   39.012894666   37.268450780
       1      31   43.541729079   43.203556408
       1      32   43.541729079   43.203556408
       1      33   44.589451401   43.963822539
       1      34   44.589451401   43.963822539
       1      35   46.929930468   47.041260607
       1      36   46.929930468   47.041260607
       1      37   49.903811380   50.634246024
       1      38   49.903811380   50.634246024
       1      39   51.355731926   52.486330515
       1      40   51.355731926   52.486330515
       1      41   54.198759740   54.787759047
       1      42   54.198759740   54.787759047
       1      43   55.500088446   55.886449785
       1      44   55.500088446   55.886449785
       1      45   55.977906990   57.076867165
       1      46   55.977906990   57.076867165
       1      47   58.339674130   60.950351742
       1      48   58.339674130   60.950351742
       1      49   62.018147267   63.224724911
       1      50   62.018147267   63.224724911
       1      51   63.462282075   64.868188026
       1      52   63.462282075   64.868188026
       1      53   64.132070223   65.394743006
       1      54   64.132070223   65.394743006
       1      55   66.921322958   68.335459935
       1      56   66.921322958   68.335459935
       1      57   66.982711616   68.977349188
       1      58   66.982711616   68.977349188
