0.0 0
0.01 5.39862e-30
0.02 1.07972e-29
0.03 1.61959e-29
0.04 2.15945e-29
0.05 2.69931e-29
0.060000000000000005 1.1683e-28
0.07 2.06667e-28
0.08 2.96505e-28
0.09 3.86342e-28
0.1 4.76179e-28
0.11 2.27781e-27
0.12 4.07945e-27
0.13 5.88108e-27
0.13999999999999999 7.68272e-27
0.15 9.48435e-27
0.16 3.84173e-26
0.17 6.73502e-26
0.18 9.62831e-26
0.19 1.25216e-25
0.2 1.54149e-25
0.21000000000000002 4.98189e-25
0.22000000000000003 8.42229e-25
0.23 1.18627e-24
0.24 1.53031e-24
0.25 1.87435e-24
0.26 4.83036e-24
0.27 7.78637e-24
0.28 1.07424e-23
0.29 1.36984e-23
0.3 1.66544e-23
0.31 3.49721e-23
0.32 5.32898e-23
0.32999999999999996 7.16076e-23
0.33999999999999997 8.99253e-23
0.35 1.08243e-22
0.36 1.90525e-22
0.37 2.72806e-22
0.38 3.55088e-22
0.39 4.37369e-22
0.4 5.19651e-22
0.41000000000000003 7.87863e-22
0.42000000000000004 1.05607e-21
0.43000000000000005 1.32429e-21
0.44 1.5925e-21
0.45 1.86071e-21
0.46 2.48851e-21
0.47000000000000003 3.11632e-21
0.48 3.74412e-21
0.49 4.37193e-21
0.5 4.99973e-21
0.51 6.02672e-21
0.52 7.05372e-21
0.53 8.08071e-21
0.54 9.10771e-21
0.55 1.01347e-20
0.56 1.12465e-20
0.5700000000000001 1.23583e-20
0.5800000000000001 1.34702e-20
0.59 1.4582e-20
0.6 1.56938e-20
0.61 1.63832e-20
0.62 1.70726e-20
0.63 1.77619e-20
0.64 1.84513e-20
0.65 1.91407e-20
0.66 1.92095e-20
0.67 1.92783e-20
0.6799999999999999 1.93472e-20
0.69 1.9416e-20
0.7 1.94848e-20
0.71 1.91919e-20
0.72 1.88991e-20
0.73 1.86062e-20
0.74 1.83134e-20
0.75 1.80205e-20
0.76 1.77143e-20
0.77 1.74082e-20
0.78 1.7102e-20
0.79 1.67959e-20
0.8 1.64897e-20
0.81 1.62962e-20
0.8200000000000001 1.61026e-20
0.8300000000000001 1.59091e-20
0.84 1.57155e-20
0.85 1.5522e-20
0.86 1.53559e-20
0.87 1.51898e-20
0.88 1.50238e-20
0.89 1.48577e-20
0.9 1.46916e-20
0.91 1.44482e-20
0.92 1.42048e-20
0.9299999999999999 1.39614e-20
0.94 1.3718e-20
0.95 1.34746e-20
0.96 1.31892e-20
0.97 1.29038e-20
0.98 1.26183e-20
0.99 1.23329e-20
1.0 1.20475e-20
1.01 1.18283e-20
1.02 1.16091e-20
1.03 1.13899e-20
1.04 1.11707e-20
1.05 1.09515e-20
1.06 1.08241e-20
1.07 1.06966e-20
1.08 1.05692e-20
1.09 1.04417e-20
1.1 1.03143e-20
1.11 1.02449e-20
1.12 1.01755e-20
1.13 1.01062e-20
1.14 1.00368e-20
1.15 9.9674e-21
1.16 9.93962e-21
1.17 9.91184e-21
1.18 9.88406e-21
1.19 9.85628e-21
1.2 9.8285e-21
1.21 9.79879e-21
1.22 9.76908e-21
1.23 9.73938e-21
1.24 9.70967e-21
1.25 9.67996e-21
1.26 9.57309e-21
1.27 9.46621e-21
1.28 9.35934e-21
1.29 9.25246e-21
1.3 9.14559e-21
1.31 8.96386e-21
1.32 8.78214e-21
1.33 8.60041e-21
1.34 8.41869e-21
1.35 8.23696e-21
1.36 8.27595e-21
1.37 8.31493e-21
1.38 8.35392e-21
1.39 8.3929e-21
1.4 8.43189e-21
1.41 6.64471e-20
1.42 1.24462e-19
1.43 1.82478e-19
1.44 2.40493e-19
1.45 2.98508e-19
1.46 9.48665e-18
1.47 1.86748e-17
1.48 2.78629e-17
1.49 3.70511e-17
1.5 4.62392e-17
1.51 9.37999e-16
1.52 1.82976e-15
1.53 2.72152e-15
1.54 3.61328e-15
1.55 4.50504e-15
1.56 5.79136e-14
1.57 1.11322e-13
1.58 1.64731e-13
1.59 2.18139e-13
1.6 2.71548e-13
1.61 2.25644e-12
1.62 4.24133e-12
1.63 6.22622e-12
1.64 8.21111e-12
1.65 1.0196e-11
1.66 5.64456e-11
1.67 1.02695e-10
1.68 1.48945e-10
1.69 1.95194e-10
1.7 2.41444e-10
1.71 9.30321e-10
1.72 1.6192e-09
1.73 2.30808e-09
1.74 2.99695e-09
1.75 3.68583e-09
1.76 1.04824e-08
1.77 1.72789e-08
1.78 2.40755e-08
1.79 3.0872e-08
1.8 3.76686e-08
1.81 8.47921e-08
1.82 1.31916e-07
1.83 1.79039e-07
1.84 2.26163e-07
1.85 2.73286e-07
1.86 5.21507e-07
1.87 7.69728e-07
1.88 1.01795e-06
1.89 1.26617e-06
1.9 1.51439e-06
1.91 2.57529e-06
1.92 3.63619e-06
1.93 4.6971e-06
1.94 5.758e-06
1.95 6.8189e-06
1.96 1.0589e-05
1.97 1.4359e-05
1.98 1.81291e-05
1.99 2.18991e-05
2.0 2.56692e-05
2.01 3.67862e-05
2.0199999999999996 4.79033e-05
2.03 5.90203e-05
2.04 7.01374e-05
2.05 8.12544e-05
2.0599999999999996 0.000108369
2.07 0.000135483
2.08 0.000162597
2.09 0.000189711
2.1 0.000216825
2.11 0.000271149
2.12 0.000325473
2.13 0.000379798
2.1399999999999997 0.000434122
2.15 0.000488446
2.1599999999999997 0.000577522
2.17 0.000666598
2.1799999999999997 0.000755674
2.19 0.00084475
2.2 0.000933826
2.21 0.00105855
2.2199999999999998 0.00118327
2.23 0.00130799
2.24 0.00143272
2.25 0.00155744
2.26 0.001722
2.2699999999999996 0.00188655
2.28 0.00205111
2.29 0.00221566
2.3 0.00238022
2.3099999999999996 0.00259425
2.32 0.00280829
2.33 0.00302232
2.34 0.00323636
2.35 0.00345039
2.36 0.00371087
2.37 0.00397135
2.38 0.00423182
2.3899999999999997 0.0044923
2.4 0.00475278
2.4099999999999997 0.00504124
2.42 0.00532971
2.4299999999999997 0.00561817
2.44 0.00590664
2.45 0.0061951
2.46 0.00649979
2.4699999999999998 0.00680448
2.48 0.00710917
2.49 0.00741386
2.5 0.00771855
2.51 0.0080543
2.5199999999999996 0.00839004
2.53 0.00872579
2.54 0.00906153
2.55 0.00939728
2.5599999999999996 0.00979946
2.57 0.0102016
2.58 0.0106038
2.59 0.011006
2.6 0.0114082
2.61 0.0118923
2.62 0.0123765
2.63 0.0128606
2.6399999999999997 0.0133448
2.65 0.0138289
2.6599999999999997 0.0143595
2.67 0.0148901
2.6799999999999997 0.0154208
2.69 0.0159514
2.7 0.016482
2.71 0.017013
2.7199999999999998 0.017544
2.73 0.018075
2.74 0.018606
2.75 0.019137
2.76 0.0196764
2.7699999999999996 0.0202158
2.78 0.0207551
2.79 0.0212945
2.8 0.0218339
2.8099999999999996 0.0224209
2.82 0.0230079
2.83 0.0235949
2.84 0.0241819
2.85 0.0247689
2.86 0.0254256
2.87 0.0260823
2.88 0.0267389
2.8899999999999997 0.0273956
2.9 0.0280523
2.9099999999999997 0.0287999
2.92 0.0295476
2.9299999999999997 0.0302952
2.94 0.0310429
2.95 0.0317905
2.96 0.03263
2.9699999999999998 0.0334695
2.98 0.0343089
2.99 0.0351484
3.0 0.0359879
3.01 0.036862
3.0199999999999996 0.0377361
3.03 0.0386101
3.04 0.0394842
3.05 0.0403583
3.0599999999999996 0.0412208
3.07 0.0420833
3.08 0.0429458
3.09 0.0438083
3.1 0.0446708
3.11 0.0455379
3.12 0.046405
3.13 0.0472722
3.1399999999999997 0.0481393
3.15 0.0490064
3.1599999999999997 0.0499276
3.17 0.0508489
3.1799999999999997 0.0517701
3.19 0.0526914
3.2 0.0536126
3.21 0.0546746
3.2199999999999998 0.0557366
3.23 0.0567986
3.24 0.0578606
3.25 0.0589226
3.26 0.0602052
3.2699999999999996 0.0614878
3.28 0.0627705
3.29 0.0640531
3.3 0.0653357
3.3099999999999996 0.066804
3.32 0.0682723
3.33 0.0697407
3.34 0.071209
3.35 0.0726773
3.36 0.0742362
3.37 0.0757951
3.38 0.0773539
3.3899999999999997 0.0789128
3.4 0.0804717
3.4099999999999997 0.082074
3.42 0.0836763
3.4299999999999997 0.0852787
3.44 0.086881
3.45 0.0884833
3.46 0.0901133
3.4699999999999998 0.0917434
3.48 0.0933734
3.49 0.0950035
3.5 0.0966335
3.51 0.0983496
3.5199999999999996 0.100066
3.53 0.101782
3.54 0.103498
3.55 0.105214
3.5599999999999996 0.107183
3.57 0.109153
3.58 0.111122
3.59 0.113092
3.6 0.115061
3.61 0.117424
3.62 0.119787
3.63 0.12215
3.6399999999999997 0.124513
3.65 0.126876
3.6599999999999997 0.129648
3.67 0.13242
3.6799999999999997 0.135193
3.69 0.137965
3.7 0.140737
3.71 0.143877
3.7199999999999998 0.147017
3.73 0.150156
3.74 0.153296
3.75 0.156436
3.76 0.159975
3.7699999999999996 0.163514
3.78 0.167052
3.79 0.170591
3.8 0.17413
3.8099999999999996 0.17823
3.82 0.18233
3.83 0.186429
3.84 0.190529
3.85 0.194629
3.86 0.199524
3.87 0.204419
3.88 0.209315
3.8899999999999997 0.21421
3.9 0.219105
3.9099999999999997 0.225184
3.92 0.231262
3.9299999999999997 0.237341
3.94 0.243421
3.95 0.2495
3.96 0.25756
3.9699999999999998 0.265622
3.98 0.273688
3.99 0.28176
4.0 0.289845
4.01 0.301281
4.02 0.312754
4.029999999999999 0.324284
4.04 0.33591
4.05 0.347688
4.06 0.364778
4.069999999999999 0.382229
4.08 0.400216
4.09 0.418987
4.1 0.43888
4.109999999999999 0.46729
4.119999999999999 0.497846
4.13 0.53127
4.140000000000001 0.568449
4.15 0.610424
4.16 0.667825
4.17 0.732531
4.18 0.80593
4.19 0.889418
4.2 0.984318
4.21 1.10433
4.22 1.23778
4.23 1.38518
4.24 1.5466
4.25 1.72158
4.26 1.9232
4.27 2.13593
4.279999999999999 2.35782
4.29 2.58658
4.3 2.81966
4.31 3.06631
4.319999999999999 3.31211
4.33 3.55468
4.34 3.79198
4.35 4.02234
4.359999999999999 4.25081
4.369999999999999 4.4704
4.38 4.68079
4.390000000000001 4.88205
4.4 5.07455
4.41 5.25773
4.42 5.43356
4.43 5.6029
4.44 5.76662
4.45 5.92559
4.46 6.07297
4.47 6.21707
4.48 6.35853
4.49 6.49785
4.5 6.63548
4.51 6.76161
4.52 6.88669
4.529999999999999 7.01094
4.54 7.13457
4.55 7.25772
4.56 7.37204
4.569999999999999 7.48612
4.58 7.60004
4.59 7.71389
4.6 7.82774
4.609999999999999 7.93844
4.619999999999999 8.04923
4.63 8.1602
4.640000000000001 8.27135
4.65 8.38275
4.66 8.49808
4.67 8.61371
4.68 8.72969
4.69 8.84604
4.7 8.9628
4.71 9.08654
4.72 9.21074
4.73 9.33545
4.74 9.46065
4.75 9.58641
4.76 9.71607
4.77 9.84629
4.779999999999999 9.9771
4.79 10.1085
4.8 10.2405
4.81 10.374
4.819999999999999 10.5081
4.83 10.6429
4.84 10.7783
4.85 10.9146
4.859999999999999 11.0531
4.869999999999999 11.1924
4.88 11.3325
4.890000000000001 11.4734
4.9 11.6151
4.91 11.7589
4.92 11.9035
4.93 12.049
4.94 12.1952
4.95 12.3423
4.96 12.4888
4.97 12.6363
4.98 12.7845
4.99 12.9337
5.0 13.0838
5.01 13.1721
5.02 13.1874
5.029999999999999 13.2046
5.04 13.2236
5.05 13.2444
5.06 13.2669
5.069999999999999 13.291
5.08 13.3168
5.09 13.3442
5.1 13.3731
5.109999999999999 13.4035
5.12 13.4354
5.13 13.4687
5.14 13.5033
5.1499999999999995 13.5393
5.16 13.5765
5.17 13.615
5.18 13.6547
5.1899999999999995 13.6955
5.2 13.7373
5.21 13.7802
5.22 13.824
5.2299999999999995 13.8687
5.24 13.9143
5.25 13.9608
5.26 14.0082
5.27 14.0564
5.279999999999999 14.1056
5.29 14.1557
5.3 14.2068
5.31 14.259
5.319999999999999 14.3124
5.33 14.3669
5.34 14.4226
5.35 14.4798
5.359999999999999 14.5383
5.37 14.5984
5.38 14.6601
5.39 14.7236
5.3999999999999995 14.7891
5.41 14.8567
5.42 14.9267
5.43 14.9994
5.4399999999999995 15.075
5.45 15.1538
5.46 15.2363
5.47 15.3224
5.4799999999999995 15.4127
5.49 15.5074
5.5 15.6065
5.51 15.7103
5.52 15.8185
5.529999999999999 15.9312
5.54 16.0479
5.55 16.1681
5.56 16.2911
5.57 16.4159
5.58 16.5414
5.59 16.6665
5.6 16.7897
5.609999999999999 16.9095
5.62 17.0248
5.63 17.1339
5.64 17.2359
5.6499999999999995 17.3297
5.66 17.4146
5.67 17.4904
5.68 17.5568
5.6899999999999995 17.614
5.7 17.6626
5.71 17.7031
5.72 17.7366
5.7299999999999995 17.7638
5.74 17.7858
5.75 17.8038
5.76 17.8186
5.77 17.8311
5.779999999999999 17.8423
5.79 17.8526
5.8 17.8629
5.81 17.8736
5.82 17.8851
5.83 17.8976
5.84 17.9114
5.85 17.9267
5.859999999999999 17.9437
5.87 17.9625
5.88 17.9831
5.89 18.0057
5.8999999999999995 18.0301
5.91 18.0567
5.92 18.0853
5.93 18.1161
5.9399999999999995 18.1492
5.95 18.1846
5.96 18.2225
5.97 18.2631
5.9799999999999995 18.3065
5.99 18.3527
6.0 18.4019
6.01 18.4543
6.02 18.51
6.029999999999999 18.569
6.04 18.6314
6.05 18.6973
6.06 18.7668
6.07 18.8398
6.08 18.9166
6.09 18.9972
6.1 19.0817
6.109999999999999 19.1703
6.12 19.2632
6.13 19.3604
6.14 19.4624
6.15 19.5695
6.16 19.6818
6.17 19.8001
6.18 19.9245
6.1899999999999995 20.056
6.199999999999999 20.1953
6.21 20.3431
6.22 20.5007
6.2299999999999995 20.6693
6.24 20.8504
6.25 21.0461
6.26 21.2584
6.27 21.4899
6.279999999999999 21.7437
6.29 22.0231
6.3 22.3319
6.31 22.6745
6.32 23.0558
6.33 23.4806
6.34 23.9543
6.35 24.482
6.359999999999999 25.0689
6.37 25.7196
6.38 26.4378
6.39 27.2265
6.4 28.0874
6.41 29.0204
6.42 30.0238
6.43 31.0939
6.4399999999999995 32.2251
6.449999999999999 33.4093
6.46 34.6366
6.47 35.8945
6.4799999999999995 37.1689
6.49 38.4433
6.5 39.6997
6.51 40.919
6.52 42.0808
6.529999999999999 43.1643
6.54 44.1492
6.55 45.0156
6.56 45.7456
6.57 46.3232
6.58 46.7356
6.59 46.9736
6.6 47.0319
6.609999999999999 46.9096
6.62 46.6101
6.63 46.1417
6.64 45.5163
6.65 44.7495
6.66 43.8599
6.67 42.8681
6.68 41.796
6.6899999999999995 40.666
6.699999999999999 39.4999
6.71 38.3182
6.72 37.1395
6.7299999999999995 35.9802
6.74 34.8534
6.75 33.7698
6.76 32.737
6.77 31.7601
6.779999999999999 30.8412
6.79 29.9809
6.8 29.1779
6.81 28.4296
6.82 27.7327
6.83 27.0832
6.84 26.4771
6.85 25.9103
6.859999999999999 25.379
6.87 24.8796
6.88 24.4093
6.89 23.965
6.9 23.5445
6.91 23.1459
6.92 22.7672
6.93 22.407
6.9399999999999995 22.0634
6.949999999999999 21.7352
6.96 21.4205
6.97 21.118
6.9799999999999995 20.8262
6.99 20.544
7.0 20.2703
7.01 20.005
7.02 19.7478
7.029999999999999 19.4993
7.04 19.26
7.05 19.0309
7.06 18.8123
7.07 18.6045
7.08 18.4071
7.09 18.219
7.1 18.0386
7.109999999999999 17.8637
7.119999999999999 17.6923
7.13 17.5222
7.14 17.3525
7.15 17.1826
7.16 17.0133
7.17 16.8461
7.18 16.6833
7.1899999999999995 16.5276
7.199999999999999 16.3816
7.21 16.247
7.22 16.1249
7.23 16.0148
7.24 15.9151
7.25 15.823
7.26 15.7351
7.27 15.6476
7.279999999999999 15.5575
7.29 15.4624
7.3 15.3612
7.3100000000000005 15.2549
7.32 15.1452
7.33 15.0355
7.34 14.9299
7.35 14.8326
7.359999999999999 14.7472
7.369999999999999 14.6766
7.38 14.622
7.39 14.5831
7.4 14.558
7.41 14.5433
7.42 14.5352
7.43 14.5294
7.4399999999999995 14.5216
7.449999999999999 14.5092
7.46 14.4906
7.47 14.466
7.48 14.4372
7.49 14.4078
7.5 14.3823
7.51 14.366
7.52 14.3637
7.529999999999999 14.3801
7.54 14.4181
7.55 14.479
7.5600000000000005 14.5624
7.57 14.6656
7.58 14.7839
7.59 14.9115
7.6 15.0415
7.609999999999999 15.1662
7.619999999999999 15.2787
7.63 15.3726
7.64 15.4428
7.65 15.4859
7.66 15.5003
7.67 15.4862
7.68 15.4456
7.6899999999999995 15.3815
7.699999999999999 15.2982
7.71 15.2002
7.72 15.092
7.73 14.9775
7.74 14.8599
7.75 14.7415
7.76 14.6232
7.77 14.5049
7.779999999999999 14.3859
7.79 14.2648
7.8 14.1399
7.8100000000000005 14.0098
7.82 13.8735
7.83 13.7307
7.84 13.5818
7.85 13.4284
7.859999999999999 13.2727
7.869999999999999 13.1171
7.88 12.9651
7.89 12.8195
7.9 12.6832
7.91 12.5584
7.92 12.4467
7.93 12.3484
7.9399999999999995 12.2633
7.949999999999999 12.19
7.96 12.1263
7.97 12.0696
7.98 12.0169
7.99 11.9651
8.0 11.9114
8.01 11.8535
8.02 11.7897
8.03 11.719
8.04 11.6413
8.05 11.5574
8.06 11.4687
8.07 11.377
8.08 11.2848
8.09 11.1945
8.1 11.1085
8.11 11.0289
8.12 10.9573
8.129999999999999 10.8948
8.14 10.842
8.15 10.7984
8.16 10.7631
8.17 10.7349
8.18 10.7119
8.19 10.6922
8.2 10.6736
8.21 10.6543
8.219999999999999 10.6328
8.23 10.608
8.24 10.5792
8.25 10.5463
8.26 10.5097
8.27 10.4703
8.28 10.4291
8.29 10.3872
8.3 10.346
8.31 10.3066
8.32 10.2697
8.33 10.2359
8.34 10.2054
8.35 10.1779
8.36 10.1531
8.37 10.1298
8.379999999999999 10.1072
8.39 10.084
8.4 10.0589
8.41 10.0306
8.42 9.9979
8.43 9.9598
8.44 9.91549
8.45 9.86452
8.46 9.80678
8.469999999999999 9.74254
8.48 9.67241
8.49 9.5974
8.5 9.51878
8.51 9.43796
8.52 9.3565
8.53 9.27585
8.54 9.19732
8.55 9.12192
8.56 9.05032
8.57 8.98276
8.58 8.9191
8.59 8.85883
8.6 8.80112
8.61 8.74502
8.62 8.68948
8.629999999999999 8.63355
8.64 8.57645
8.65 8.51764
8.66 8.45691
8.67 8.3943
8.68 8.33013
8.69 8.26487
8.7 8.19914
8.71 8.1335
8.719999999999999 8.06846
8.73 8.00437
8.74 7.94147
8.75 7.87979
8.76 7.81924
8.77 7.75968
8.78 7.70095
8.79 7.64294
8.8 7.58568
8.81 7.52927
8.82 7.47404
8.83 7.42034
8.84 7.36866
8.85 7.31945
8.86 7.27314
8.87 7.23001
8.879999999999999 7.19016
8.89 7.15349
8.9 7.11962
8.91 7.08801
8.92 7.05786
8.93 7.0283
8.94 6.99839
8.95 6.96722
8.96 6.93401
8.969999999999999 6.89816
8.98 6.85935
8.99 6.81753
9.0 6.77298
9.01 6.72619
9.02 6.6779
9.030000000000001 6.62901
9.04 6.58043
9.05 6.53306
9.059999999999999 6.48766
9.07 6.44482
9.08 6.40489
9.09 6.36797
9.1 6.33395
9.11 6.30247
9.120000000000001 6.27304
9.129999999999999 6.24507
9.14 6.21789
9.149999999999999 6.19086
9.16 6.1634
9.17 6.135
9.18 6.10529
9.19 6.07404
9.2 6.04113
9.21 6.00658
9.219999999999999 5.97056
9.23 5.93331
9.24 5.89515
9.25 5.85647
9.26 5.81765
9.27 5.77908
9.280000000000001 5.74108
9.29 5.70391
9.3 5.66777
9.309999999999999 5.63281
9.32 5.59908
9.33 5.56659
9.34 5.53535
9.35 5.50532
9.36 5.47648
9.370000000000001 5.4488
9.379999999999999 5.42226
9.39 5.39679
9.399999999999999 5.37233
9.41 5.34874
9.42 5.32581
9.43 5.30331
9.44 5.28093
9.45 5.25835
9.46 5.2352
9.469999999999999 5.21117
9.48 5.18599
9.49 5.15945
9.5 5.13143
9.51 5.10195
9.52 5.07111
9.530000000000001 5.03914
9.54 5.00636
9.55 4.97318
9.559999999999999 4.94007
9.57 4.90757
9.58 4.87619
9.59 4.84645
9.6 4.8188
9.61 4.79359
9.620000000000001 4.77106
9.629999999999999 4.75126
9.64 4.73409
9.649999999999999 4.71925
9.66 4.70626
9.67 4.69451
9.68 4.68324
9.69 4.67167
9.7 4.65901
9.71 4.64451
9.719999999999999 4.62755
9.73 4.6077
9.74 4.5847
9.75 4.55855
9.76 4.52947
9.77 4.49787
9.780000000000001 4.46439
9.79 4.42977
9.8 4.39485
9.809999999999999 4.36052
9.82 4.3276
9.83 4.29688
9.84 4.26898
9.85 4.24436
9.86 4.22324
9.870000000000001 4.20564
9.879999999999999 4.19133
9.89 4.17986
9.899999999999999 4.17056
9.91 4.16263
9.92 4.15517
9.93 4.14724
9.94 4.13793
9.95 4.12647
9.96 4.11223
9.969999999999999 4.09481
9.98 4.07405
9.99 4.05007
10.0 4.02322
10.01 3.99406
10.02 3.96332
10.030000000000001 3.93187
10.04 3.90059
10.05 3.87039
10.059999999999999 3.84208
10.07 3.81636
10.08 3.79378
10.09 3.77466
10.1 3.75915
10.11 3.74716
10.120000000000001 3.73837
10.129999999999999 3.73229
10.14 3.72822
10.149999999999999 3.72538
10.16 3.72287
10.17 3.71978
10.18 3.71527
10.19 3.70856
10.2 3.69907
10.21 3.6864
10.219999999999999 3.67037
10.23 3.6511
10.24 3.62889
10.25 3.60427
10.26 3.57794
10.27 3.55068
10.280000000000001 3.52335
10.29 3.4968
10.3 3.47179
10.309999999999999 3.449
10.32 3.42893
10.33 3.41195
10.34 3.39819
10.35 3.38761
10.36 3.37997
10.370000000000001 3.37487
10.379999999999999 3.37174
10.39 3.36991
10.399999999999999 3.36862
10.41 3.36709
10.42 3.36457
10.43 3.36035
10.44 3.35388
10.45 3.34474
10.46 3.33271
10.469999999999999 3.31775
10.48 3.30005
10.49 3.27999
10.5 3.25808
10.51 3.23495
10.52 3.21134
10.530000000000001 3.18796
10.54 3.16552
10.55 3.14467
10.559999999999999 3.12596
10.57 3.10974
10.58 3.0963
10.59 3.08568
10.6 3.07778
10.61 3.07237
10.620000000000001 3.06902
10.629999999999999 3.06721
10.64 3.06632
10.649999999999999 3.0657
10.66 3.06465
10.67 3.06252
10.68 3.05874
10.69 3.05285
10.7 3.04452
10.71 3.0336
10.719999999999999 3.02013
10.73 3.00431
10.74 2.9865
10.75 2.96722
10.76 2.94704
10.77 2.92664
10.780000000000001 2.90666
10.79 2.88775
10.8 2.87045
10.809999999999999 2.8552
10.82 2.84233
10.83 2.832
10.84 2.82423
10.85 2.81889
10.86 2.81568
10.870000000000001 2.81423
10.879999999999999 2.81404
10.89 2.81456
10.899999999999999 2.81519
10.91 2.81533
10.92 2.81446
10.93 2.81209
10.94 2.80787
10.95 2.80157
10.96 2.7931
10.969999999999999 2.78253
10.98 2.77008
10.99 2.75609
11.0 2.74101
11.01 2.72533
11.02 2.70962
11.030000000000001 2.69439
11.04 2.68013
11.05 2.66725
11.059999999999999 2.65608
11.07 2.64677
11.08 2.63939
11.09 2.63387
11.1 2.62999
11.11 2.62744
11.120000000000001 2.62581
11.129999999999999 2.6246
11.14 2.62332
11.15 2.62144
11.16 2.61846
11.17 2.61395
11.18 2.60758
11.19 2.59913
11.2 2.5885
11.21 2.57573
11.219999999999999 2.56099
11.23 2.5446
11.24 2.52693
11.25 2.50844
11.26 2.48965
11.27 2.47106
11.280000000000001 2.45316
11.29 2.43636
11.3 2.42101
11.309999999999999 2.40736
11.32 2.39555
11.33 2.38559
11.34 2.3774
11.35 2.37079
11.36 2.36546
11.370000000000001 2.36109
11.379999999999999 2.35723
11.39 2.35349
11.4 2.34941
11.41 2.34462
11.42 2.33876
11.43 2.33158
11.44 2.32288
11.45 2.31263
11.46 2.30086
11.469999999999999 2.2877
11.48 2.27342
11.49 2.25832
11.5 2.24275
11.51 2.22712
11.52 2.21181
11.530000000000001 2.19718
11.54 2.18353
11.55 2.17113
11.559999999999999 2.16012
11.57 2.15059
11.58 2.14251
11.59 2.1358
11.6 2.13026
11.61 2.12565
11.620000000000001 2.12167
11.629999999999999 2.11796
11.64 2.11416
11.65 2.10991
11.66 2.10488
11.67 2.09879
11.68 2.09142
11.69 2.08263
11.7 2.07239
11.71 2.06077
11.719999999999999 2.04795
11.73 2.03421
11.74 2.01989
11.75 2.00541
11.76 1.99125
11.77 1.97788
11.780000000000001 1.96577
11.79 1.95538
11.8 1.94708
11.809999999999999 1.9412
11.82 1.93799
11.83 1.93756
11.84 1.93995
11.85 1.9451
11.86 1.95282
11.870000000000001 1.96287
11.879999999999999 1.97493
11.89 1.98858
11.9 2.00342
11.91 2.01905
11.92 2.03506
11.93 2.0511
11.94 2.06688
11.95 2.08221
11.96 2.09695
11.969999999999999 2.11105
11.98 2.12452
11.99 2.13747
12.0 2.14996
12.01 2.16216
12.02 2.17417
12.030000000000001 2.1861
12.04 2.19801
12.05 2.20994
12.059999999999999 2.22185
12.07 2.23366
12.08 2.24524
12.09 2.25642
12.1 2.26705
12.11 2.27688
12.120000000000001 2.28575
12.129999999999999 2.29345
12.14 2.29984
12.15 2.30485
12.16 2.3084
12.17 2.31052
12.18 2.31128
12.19 2.3108
12.2 2.30925
12.21 2.30682
12.219999999999999 2.30371
12.23 2.30014
12.24 2.29625
12.25 2.29223
12.26 2.28814
12.27 2.28406
12.280000000000001 2.27997
12.29 2.27584
12.3 2.27155
12.309999999999999 2.26699
12.32 2.26202
12.33 2.25648
12.34 2.25024
12.35 2.24317
12.36 2.2352
12.370000000000001 2.22629
12.379999999999999 2.21643
12.39 2.2057
12.4 2.19421
12.41 2.18214
12.42 2.16967
12.43 2.15703
12.44 2.14445
12.45 2.13216
12.46 2.12037
12.469999999999999 2.10923
12.48 2.09885
12.49 2.08931
12.5 2.08061
12.51 2.07266
12.52 2.0654
12.530000000000001 2.05867
12.54 2.05229
12.55 2.0461
12.559999999999999 2.03991
12.57 2.03356
12.58 2.02693
12.59 2.01992
12.6 2.01245
12.61 2.00454
12.620000000000001 1.99622
12.629999999999999 1.98753
12.64 1.97859
12.65 1.96952
12.66 1.96046
12.67 1.95153
12.68 1.94287
12.69 1.93459
12.7 1.92677
12.71 1.91945
12.719999999999999 1.91265
12.73 1.90635
12.74 1.90049
12.75 1.89499
12.76 1.88976
12.77 1.88467
12.780000000000001 1.87962
12.79 1.87448
12.8 1.86918
12.809999999999999 1.86362
12.82 1.85775
12.83 1.85156
12.84 1.84504
12.85 1.83826
12.86 1.83127
12.870000000000001 1.82416
12.879999999999999 1.81702
12.89 1.81
12.9 1.80317
12.91 1.79664
12.92 1.79049
12.93 1.78476
12.940000000000001 1.77949
12.95 1.77466
12.96 1.77026
12.969999999999999 1.76621
12.98 1.76246
12.99 1.75892
13.0 1.75551
13.01 1.75214
13.02 1.74874
13.03 1.74523
13.04 1.74155
13.05 1.73766
13.06 1.73352
13.07 1.72913
13.08 1.72448
13.09 1.71957
13.1 1.71444
13.11 1.70909
13.12 1.70358
13.13 1.69794
13.14 1.69219
13.15 1.68636
13.16 1.68047
13.17 1.67453
13.18 1.66854
13.19 1.66252
13.2 1.65647
13.209999999999999 1.65037
13.22 1.64425
13.23 1.63811
13.24 1.63198
13.25 1.62589
13.26 1.61991
13.27 1.61408
13.28 1.60847
13.29 1.60316
13.3 1.5982
13.31 1.59366
13.32 1.58958
13.33 1.58599
13.34 1.58292
13.35 1.58034
13.36 1.57823
13.37 1.57655
13.38 1.57523
13.39 1.57421
13.4 1.57342
13.41 1.57278
13.42 1.57225
13.43 1.57174
13.44 1.57124
13.45 1.57072
13.459999999999999 1.57015
13.47 1.56953
13.48 1.56888
13.49 1.5682
13.5 1.56754
13.51 1.56692
13.52 1.5664
13.53 1.56599
13.54 1.56575
13.55 1.5657
13.56 1.56586
13.57 1.56622
13.58 1.56676
13.59 1.56746
13.6 1.56827
13.61 1.56912
13.62 1.56995
13.63 1.5707
13.64 1.57131
13.65 1.57174
13.66 1.57193
13.67 1.57191
13.68 1.57167
13.69 1.57125
13.7 1.57069
13.71 1.57003
13.72 1.56935
13.73 1.56869
13.74 1.5681
13.75 1.56761
13.76 1.56725
13.77 1.56703
13.78 1.56693
13.79 1.56697
13.8 1.56712
13.81 1.56737
13.82 1.56771
13.83 1.56815
13.84 1.56867
13.85 1.56928
13.86 1.56997
13.87 1.57072
13.88 1.57153
13.89 1.57235
13.9 1.57317
13.91 1.57392
13.92 1.57457
13.93 1.57506
13.94 1.57536
13.95 1.57543
13.96 1.57528
13.97 1.57489
13.98 1.57431
13.99 1.57356
14.0 1.57268
14.01 1.57176
14.02 1.57082
14.03 1.56991
14.04 1.56905
14.05 1.56826
14.06 1.56753
14.07 1.56684
14.08 1.56616
14.09 1.56545
14.1 1.56466
14.11 1.56375
14.12 1.56269
14.13 1.56145
14.14 1.56001
14.15 1.55837
14.16 1.55654
14.17 1.55455
14.18 1.55242
14.19 1.55019
14.2 1.5479
14.21 1.54559
14.22 1.54331
14.23 1.54107
14.24 1.53891
14.25 1.53681
14.26 1.5348
14.27 1.53284
14.28 1.53092
14.29 1.529
14.3 1.52705
14.31 1.52502
14.32 1.5229
14.33 1.52066
14.34 1.51828
14.35 1.51577
14.36 1.51314
14.37 1.51041
14.38 1.5076
14.39 1.50476
14.4 1.50191
14.41 1.49907
14.42 1.49626
14.43 1.49349
14.44 1.49074
14.45 1.488
14.46 1.48522
14.47 1.48237
14.48 1.47939
14.49 1.47625
14.5 1.4729
14.51 1.46932
14.52 1.46551
14.53 1.46147
14.54 1.45723
14.55 1.45282
14.56 1.44829
14.57 1.44371
14.58 1.43911
14.59 1.43455
14.6 1.43005
14.61 1.42565
14.62 1.42135
14.63 1.41714
14.64 1.41301
14.65 1.40895
14.66 1.40492
14.67 1.40091
14.68 1.39691
14.69 1.39292
14.7 1.38894
14.71 1.38499
14.72 1.38109
14.73 1.37727
14.74 1.37354
14.75 1.36991
14.76 1.36639
14.77 1.36296
14.78 1.35961
14.79 1.35631
14.8 1.35303
14.81 1.34973
14.82 1.3464
14.83 1.343
14.84 1.33954
14.85 1.33601
14.86 1.33243
14.87 1.32882
14.88 1.32524
14.89 1.32171
14.9 1.31827
14.91 1.31497
14.92 1.31183
14.93 1.30888
14.94 1.30613
14.95 1.30357
14.96 1.30119
14.97 1.29897
14.98 1.29689
14.99 1.29492
15.0 1.29302
15.01 1.29115
15.02 1.2893
15.03 1.28743
15.04 1.28554
15.05 1.28359
15.06 1.2816
15.07 1.27956
15.08 1.27747
15.09 1.27535
15.1 1.2732
15.11 1.27103
15.12 1.26886
15.13 1.26669
15.14 1.26454
15.15 1.2624
15.16 1.2603
15.17 1.25823
15.18 1.25622
15.19 1.25427
15.2 1.2524
15.21 1.25062
15.22 1.24894
15.23 1.24736
15.24 1.24588
15.25 1.24447
15.26 1.24311
15.27 1.24175
15.28 1.24035
15.29 1.23885
15.3 1.23719
15.31 1.23533
15.32 1.23323
15.33 1.23086
15.34 1.22825
15.35 1.2254
15.36 1.22239
15.37 1.21928
15.38 1.21618
15.39 1.21318
15.4 1.2104
15.41 1.20794
15.42 1.20587
15.43 1.20425
15.44 1.2031
15.45 1.20242
15.46 1.20213
15.47 1.20219
15.48 1.20249
15.49 1.2029
15.5 1.20332
15.51 1.20365
15.52 1.20381
15.53 1.20375
15.54 1.20345
15.55 1.20293
15.56 1.20224
15.57 1.20144
15.58 1.20062
15.59 1.19984
15.6 1.19919
15.61 1.19872
15.62 1.19844
15.63 1.19834
15.64 1.19841
15.65 1.19857
15.66 1.19876
15.67 1.1989
15.68 1.1989
15.69 1.19872
15.7 1.19828
15.71 1.19758
15.72 1.19661
15.73 1.19539
15.74 1.19396
15.75 1.19237
15.76 1.19067
15.77 1.18893
15.78 1.1872
15.79 1.18551
15.8 1.18389
15.81 1.18237
15.82 1.18096
15.83 1.17964
15.84 1.17842
15.85 1.17729
15.86 1.17622
15.87 1.17522
15.88 1.17428
15.89 1.17339
15.9 1.17257
15.91 1.17182
15.92 1.17115
15.93 1.17057
15.94 1.17009
15.95 1.16972
15.96 1.16947
15.97 1.16935
15.98 1.16935
15.99 1.1695
16.0 1.16978
16.009999999999998 1.17022
16.02 1.17083
16.03 1.17163
16.04 1.17264
16.05 1.17389
16.060000000000002 1.1754
16.07 1.17721
16.08 1.17934
16.09 1.18179
16.1 1.18458
16.11 1.18772
16.119999999999997 1.19118
16.130000000000003 1.19496
16.14 1.19902
16.15 1.20333
16.16 1.20785
16.17 1.21254
16.18 1.21734
16.189999999999998 1.22218
16.2 1.22701
16.21 1.23176
16.22 1.23633
16.23 1.24066
16.240000000000002 1.24465
16.25 1.24822
16.259999999999998 1.2513
16.27 1.25381
16.28 1.2557
16.29 1.25695
16.3 1.25753
16.310000000000002 1.25747
16.32 1.2568
16.33 1.25556
16.34 1.25382
16.35 1.25166
16.36 1.24916
16.369999999999997 1.24639
16.380000000000003 1.24341
16.39 1.24028
16.4 1.23706
16.41 1.23375
16.42 1.23039
16.43 1.22698
16.439999999999998 1.22351
16.45 1.21999
16.46 1.21641
16.47 1.21277
16.48 1.20906
16.490000000000002 1.20531
16.5 1.20151
16.509999999999998 1.19768
16.52 1.19383
16.53 1.18998
16.54 1.18612
16.55 1.18226
16.560000000000002 1.1784
16.57 1.17454
16.58 1.17066
16.59 1.16678
16.6 1.16289
16.61 1.15899
16.619999999999997 1.15513
16.630000000000003 1.15131
16.64 1.1476
16.65 1.14402
16.66 1.14064
16.67 1.13748
16.68 1.1346
16.689999999999998 1.13199
16.7 1.12968
16.71 1.12765
16.72 1.12586
16.73 1.12426
16.740000000000002 1.12281
16.75 1.12145
16.759999999999998 1.12011
16.77 1.11876
16.78 1.11735
16.79 1.11586
16.8 1.11429
16.810000000000002 1.11264
16.82 1.11092
16.83 1.10916
16.84 1.10738
16.85 1.1056
16.86 1.10384
16.869999999999997 1.10211
16.880000000000003 1.10041
16.89 1.09873
16.9 1.09706
16.91 1.09538
16.92 1.09365
16.93 1.09185
16.939999999999998 1.08994
16.95 1.08789
16.96 1.08568
16.97 1.08325
16.98 1.08059
16.990000000000002 1.07768
17.0 1.07449
17.009999999999998 1.07102
17.02 1.06725
17.03 1.06321
17.04 1.05891
17.05 1.05438
17.060000000000002 1.04966
17.07 1.0448
17.08 1.03985
17.09 1.03487
17.1 1.0299
17.11 1.025
17.119999999999997 1.0202
17.130000000000003 1.01555
17.14 1.01107
17.15 1.00677
17.16 1.00268
17.17 0.998789
17.18 0.995109
17.189999999999998 0.991633
17.2 0.988356
17.21 0.985265
17.22 0.982347
17.23 0.979587
17.240000000000002 0.976967
17.25 0.974469
17.259999999999998 0.972075
17.27 0.969771
17.28 0.967543
17.29 0.965385
17.3 0.963293
17.310000000000002 0.961269
17.32 0.95932
17.33 0.957454
17.34 0.955685
17.35 0.954024
17.36 0.952486
17.369999999999997 0.951081
17.380000000000003 0.949822
17.39 0.948717
17.4 0.947775
17.41 0.947002
17.42 0.946406
17.43 0.945993
17.439999999999998 0.94577
17.45 0.945742
17.46 0.94592
17.47 0.946312
17.48 0.946929
17.490000000000002 0.947785
17.5 0.948893
17.509999999999998 0.950267
17.52 0.951918
17.53 0.953855
17.54 0.956077
17.55 0.958576
17.560000000000002 0.961328
17.57 0.964296
17.58 0.967429
17.59 0.970659
17.6 0.97391
17.61 0.977095
17.619999999999997 0.980129
17.630000000000003 0.98293
17.64 0.985426
17.65 0.987563
17.66 0.989303
17.67 0.990634
17.68 0.99156
17.689999999999998 0.99211
17.7 0.992326
17.71 0.992261
17.72 0.991979
17.73 0.991545
17.740000000000002 0.991024
17.75 0.990476
17.759999999999998 0.989957
17.77 0.989514
17.78 0.989188
17.79 0.989011
17.8 0.989006
17.810000000000002 0.989189
17.82 0.989571
17.83 0.990155
17.84 0.990941
17.85 0.991926
17.86 0.993107
17.869999999999997 0.99448
17.880000000000003 0.996046
17.89 0.997804
17.9 0.99976
17.91 1.00192
17.92 1.00429
17.93 1.00688
17.939999999999998 1.00968
17.95 1.0127
17.96 1.01591
17.97 1.01931
17.98 1.02286
17.990000000000002 1.02653
18.0 1.03027
18.009999999999998 1.03405
18.02 1.03782
18.03 1.04154
18.04 1.04517
18.05 1.04869
18.060000000000002 1.05207
18.07 1.05531
18.08 1.05841
18.09 1.06138
18.1 1.06427
18.11 1.0671
18.119999999999997 1.06991
18.130000000000003 1.07277
18.14 1.07571
18.15 1.0788
18.16 1.08206
18.17 1.08553
18.18 1.08924
18.189999999999998 1.09319
18.2 1.09738
18.21 1.10178
18.22 1.10637
18.23 1.1111
18.240000000000002 1.11589
18.25 1.12068
18.259999999999998 1.12537
18.27 1.12987
18.28 1.13406
18.29 1.13782
18.3 1.14103
18.310000000000002 1.14357
18.32 1.14529
18.33 1.1461
18.34 1.14589
18.35 1.14457
18.36 1.1421
18.369999999999997 1.13845
18.380000000000003 1.13364
18.39 1.12771
18.4 1.12075
18.41 1.11288
18.42 1.10421
18.43 1.09492
18.439999999999998 1.08516
18.45 1.0751
18.46 1.0649
18.47 1.05472
18.48 1.04467
18.490000000000002 1.03486
18.5 1.02537
18.509999999999998 1.01625
18.52 1.00754
18.53 0.99923
18.54 0.991314
18.55 0.98376
18.560000000000002 0.976532
18.57 0.969588
18.58 0.962887
18.59 0.956393
18.6 0.950078
18.61 0.943921
18.619999999999997 0.937909
18.630000000000003 0.93204
18.64 0.926314
18.65 0.920738
18.66 0.91532
18.67 0.910068
18.68 0.904989
18.689999999999998 0.900091
18.7 0.89538
18.71 0.890861
18.72 0.886541
18.73 0.882427
18.740000000000002 0.878528
18.75 0.874854
18.759999999999998 0.871413
18.77 0.868213
18.78 0.865259
18.79 0.862552
18.8 0.860087
18.810000000000002 0.857855
18.82 0.85584
18.83 0.854025
18.84 0.852385
18.85 0.850899
18.86 0.849543
18.869999999999997 0.848297
18.880000000000003 0.847143
18.89 0.846068
18.9 0.845063
18.91 0.844127
18.92 0.843258
18.93 0.842463
18.939999999999998 0.841749
18.95 0.841124
18.96 0.840596
18.97 0.840171
18.98 0.839851
18.990000000000002 0.839632
19.0 0.839503
19.009999999999998 0.839443
19.02 0.839425
19.03 0.839412
19.04 0.839359
19.05 0.839216
19.060000000000002 0.838931
19.07 0.838452
19.08 0.837733
19.09 0.836737
19.1 0.835441
19.11 0.833837
19.119999999999997 0.831936
19.130000000000003 0.829769
19.14 0.827384
19.15 0.824846
19.16 0.822231
19.17 0.819624
19.18 0.817112
19.189999999999998 0.814774
19.2 0.812686
19.21 0.810904
19.22 0.809473
19.23 0.808416
19.240000000000002 0.807737
19.25 0.807424
19.259999999999998 0.807451
19.27 0.807779
19.28 0.808364
19.29 0.809156
19.3 0.81011
19.310000000000002 0.811181
19.32 0.812333
19.33 0.813536
19.34 0.81477
19.35 0.816018
19.36 0.817274
19.369999999999997 0.818534
19.380000000000003 0.819795
19.39 0.82106
19.4 0.822326
19.41 0.823594
19.42 0.824859
19.43 0.826118
19.439999999999998 0.827366
19.45 0.828596
19.46 0.829803
19.47 0.830982
19.48 0.832129
19.490000000000002 0.833241
19.5 0.834319
19.509999999999998 0.835362
19.52 0.836373
19.53 0.837356
19.54 0.838316
19.55 0.839261
19.560000000000002 0.840197
19.57 0.841134
19.58 0.842083
19.59 0.843057
19.6 0.844069
19.61 0.845137
19.619999999999997 0.846277
19.630000000000003 0.84751
19.64 0.848858
19.65 0.850345
19.66 0.851997
19.67 0.85384
19.68 0.855903
19.689999999999998 0.858212
19.7 0.860791
19.71 0.86366
19.72 0.866828
19.73 0.870298
19.740000000000002 0.874057
19.75 0.878077
19.759999999999998 0.882309
19.77 0.886689
19.78 0.891132
19.79 0.895536
19.8 0.899785
19.810000000000002 0.903758
19.82 0.90733
19.83 0.910383
19.84 0.912811
19.85 0.91453
19.86 0.91548
19.869999999999997 0.915635
19.880000000000003 0.914995
19.89 0.913595
19.9 0.911496
19.91 0.908781
19.92 0.905551
19.93 0.901914
19.939999999999998 0.897984
19.95 0.893868
19.96 0.889667
19.97 0.885469
19.98 0.881349
19.990000000000002 0.877366
20.0 0.873567
20.009999999999998 0.869984
20.02 0.86664
20.03 0.863547
20.04 0.860711
20.05 0.858132
20.060000000000002 0.855805
20.07 0.853722
20.08 0.851871
20.09 0.850241
20.1 0.848817
20.11 0.847585
20.119999999999997 0.846529
20.130000000000003 0.845636
20.14 0.844894
20.15 0.844291
20.16 0.843818
20.17 0.84347
20.18 0.843241
20.189999999999998 0.843127
20.2 0.843126
20.21 0.843233
20.22 0.843443
20.23 0.843749
20.240000000000002 0.844144
20.25 0.844618
20.259999999999998 0.845163
20.27 0.845769
20.28 0.84643
20.29 0.847142
20.3 0.847907
20.310000000000002 0.848726
20.32 0.849608
20.33 0.850561
20.34 0.851596
20.35 0.852723
20.36 0.853952
20.369999999999997 0.855288
20.380000000000003 0.856734
20.39 0.858291
20.4 0.859953
20.41 0.861713
20.42 0.863563
20.43 0.865489
20.439999999999998 0.867481
20.45 0.869525
20.46 0.871609
20.47 0.873718
20.48 0.875841
20.490000000000002 0.877962
20.5 0.88007
20.509999999999998 0.882148
20.52 0.884182
20.53 0.886156
20.54 0.888055
20.55 0.889861
20.560000000000002 0.891561
20.57 0.893137
20.58 0.894575
20.59 0.895861
20.6 0.896978
20.61 0.897912
20.62 0.898644
20.630000000000003 0.899158
20.64 0.899435
20.65 0.899454
20.66 0.899198
20.67 0.898646
20.68 0.897784
20.689999999999998 0.896596
20.7 0.895075
20.71 0.893216
20.72 0.891018
20.73 0.88849
20.740000000000002 0.885644
20.75 0.882497
20.759999999999998 0.879075
20.77 0.875405
20.78 0.871523
20.79 0.867469
20.8 0.863284
20.810000000000002 0.859015
20.82 0.854709
20.83 0.850413
20.84 0.846169
20.85 0.842013
20.86 0.837975
20.87 0.834069
20.880000000000003 0.830298
20.89 0.826651
20.9 0.823104
20.91 0.819622
20.92 0.81616
20.93 0.812672
20.939999999999998 0.80911
20.95 0.805435
20.96 0.801613
20.97 0.797625
20.98 0.793463
20.990000000000002 0.789136
21.0 0.784662
21.009999999999998 0.780072
21.020000000000003 0.775401
21.03 0.770689
21.04 0.765975
21.049999999999997 0.761295
21.060000000000002 0.75668
21.07 0.752154
21.08 0.747732
21.090000000000003 0.743427
21.1 0.739242
21.11 0.735179
21.119999999999997 0.731239
21.130000000000003 0.727422
21.14 0.723732
21.15 0.720175
21.159999999999997 0.716759
21.17 0.713497
21.18 0.710402
21.189999999999998 0.707488
21.200000000000003 0.704767
21.21 0.702248
21.22 0.699934
21.229999999999997 0.697826
21.240000000000002 0.695917
21.25 0.694198
21.259999999999998 0.692655
21.270000000000003 0.691271
21.28 0.690029
21.29 0.688914
21.299999999999997 0.687912
21.310000000000002 0.687009
21.32 0.686196
21.33 0.685466
21.340000000000003 0.684817
21.35 0.684246
21.36 0.683756
21.369999999999997 0.683349
21.380000000000003 0.683031
21.39 0.68281
21.4 0.682694
21.409999999999997 0.682695
21.42 0.682822
21.43 0.683088
21.439999999999998 0.683504
21.450000000000003 0.684081
21.46 0.684827
21.47 0.68575
21.479999999999997 0.686854
21.490000000000002 0.688143
21.5 0.689613
21.509999999999998 0.691263
21.520000000000003 0.693086
21.53 0.695071
21.54 0.697207
21.549999999999997 0.699479
21.560000000000002 0.701871
21.57 0.704367
21.58 0.706951
21.590000000000003 0.709609
21.6 0.712329
21.61 0.715106
21.619999999999997 0.717936
21.630000000000003 0.720827
21.64 0.723788
21.65 0.726837
21.659999999999997 0.729994
21.67 0.73328
21.68 0.736716
21.689999999999998 0.740317
21.700000000000003 0.744091
21.71 0.748036
21.72 0.752139
21.729999999999997 0.756372
21.740000000000002 0.760698
21.75 0.765068
21.759999999999998 0.769426
21.770000000000003 0.773712
21.78 0.777865
21.79 0.781829
21.799999999999997 0.785549
21.810000000000002 0.788983
21.82 0.792094
21.83 0.794858
21.840000000000003 0.797259
21.85 0.799291
21.86 0.800954
21.869999999999997 0.802257
21.880000000000003 0.803213
21.89 0.803841
21.9 0.804162
21.909999999999997 0.8042
21.92 0.80398
21.93 0.803531
21.939999999999998 0.802879
21.950000000000003 0.802049
21.96 0.801068
21.97 0.799958
21.979999999999997 0.798737
21.990000000000002 0.797422
22.0 0.796025
22.009999999999998 0.794556
22.020000000000003 0.793021
22.03 0.791425
22.04 0.789771
22.049999999999997 0.788059
22.060000000000002 0.786289
22.07 0.784457
22.08 0.782558
22.090000000000003 0.780578
22.1 0.778499
22.11 0.776295
22.119999999999997 0.773929
22.130000000000003 0.771357
22.14 0.768526
22.15 0.765375
22.160000000000004 0.761841
22.17 0.757863
22.18 0.753384
22.189999999999998 0.748359
22.200000000000003 0.742761
22.21 0.736582
22.22 0.729842
22.229999999999997 0.722584
22.240000000000002 0.714883
22.25 0.706835
22.259999999999998 0.698559
22.270000000000003 0.69019
22.28 0.68187
22.29 0.673745
22.299999999999997 0.665951
22.310000000000002 0.658612
22.32 0.651833
22.33 0.645696
22.340000000000003 0.640253
22.35 0.635531
22.36 0.631529
22.369999999999997 0.628224
22.380000000000003 0.62557
22.39 0.623505
22.4 0.621954
22.410000000000004 0.620837
22.42 0.620069
22.43 0.619565
22.439999999999998 0.619247
22.450000000000003 0.619037
22.46 0.618868
22.47 0.618679
22.479999999999997 0.618417
22.490000000000002 0.618036
22.5 0.617501
22.509999999999998 0.616785
22.520000000000003 0.61587
22.53 0.614749
22.54 0.613426
22.549999999999997 0.611916
22.560000000000002 0.610244
22.57 0.608444
22.58 0.606558
22.590000000000003 0.60463
22.6 0.602708
22.61 0.600839
22.619999999999997 0.599061
22.630000000000003 0.597411
22.64 0.595914
22.65 0.594587
22.660000000000004 0.593439
22.67 0.592469
22.68 0.591672
22.689999999999998 0.591036
22.700000000000003 0.590544
22.71 0.590178
22.72 0.589918
22.729999999999997 0.589741
22.740000000000002 0.589625
22.75 0.589545
22.759999999999998 0.589476
22.770000000000003 0.589393
22.78 0.58927
22.79 0.589082
22.799999999999997 0.588804
22.810000000000002 0.588416
22.82 0.587898
22.83 0.587235
22.840000000000003 0.586417
22.85 0.58544
22.86 0.584301
22.869999999999997 0.583008
22.880000000000003 0.581569
22.89 0.579998
22.9 0.578314
22.910000000000004 0.576539
22.92 0.574696
22.93 0.572811
22.939999999999998 0.570912
22.950000000000003 0.569022
22.96 0.567168
22.97 0.56537
22.979999999999997 0.563644
22.990000000000002 0.562004
23.0 0.560454
23.009999999999998 0.558995
23.020000000000003 0.557621
23.03 0.556322
23.04 0.555084
23.049999999999997 0.553889
23.060000000000002 0.55272
23.07 0.551563
23.08 0.550401
23.090000000000003 0.549224
23.1 0.548022
23.11 0.546789
23.119999999999997 0.54552
23.130000000000003 0.544213
23.14 0.542863
23.15 0.541467
23.160000000000004 0.540021
23.17 0.53852
23.18 0.536958
23.189999999999998 0.535332
23.200000000000003 0.53364
23.21 0.531884
23.22 0.530069
23.229999999999997 0.528208
23.240000000000002 0.526316
23.25 0.524417
23.259999999999998 0.522536
23.270000000000003 0.520701
23.28 0.518942
23.29 0.517284
23.299999999999997 0.515751
23.310000000000002 0.51436
23.32 0.513122
23.33 0.512039
23.340000000000003 0.511108
23.35 0.510319
23.36 0.509655
23.369999999999997 0.5091
23.380000000000003 0.508634
23.39 0.50824
23.4 0.507901
23.410000000000004 0.507605
23.42 0.507345
23.43 0.507117
23.439999999999998 0.506919
23.450000000000003 0.506755
23.46 0.50663
23.47 0.506551
23.479999999999997 0.506526
23.490000000000002 0.506563
23.5 0.506673
23.509999999999998 0.506863
23.520000000000003 0.50714
23.53 0.507511
23.54 0.507978
23.549999999999997 0.508544
23.560000000000002 0.509207
23.57 0.509962
23.58 0.510803
23.590000000000003 0.511722
23.6 0.512714
23.61 0.513774
23.619999999999997 0.514901
23.630000000000003 0.516103
23.64 0.517391
23.65 0.518785
23.660000000000004 0.520309
23.67 0.521994
23.68 0.523869
23.689999999999998 0.525963
23.700000000000003 0.528298
23.71 0.530889
23.72 0.533734
23.729999999999997 0.536818
23.740000000000002 0.540106
23.75 0.543547
23.759999999999998 0.547072
23.770000000000003 0.550595
23.78 0.554022
23.79 0.557249
23.799999999999997 0.560173
23.810000000000002 0.562696
23.82 0.564731
23.83 0.566205
23.840000000000003 0.56707
23.85 0.567296
23.86 0.566881
23.869999999999997 0.565845
23.880000000000003 0.564231
23.89 0.562096
23.9 0.559516
23.910000000000004 0.55657
23.92 0.553343
23.93 0.549919
23.939999999999998 0.546377
23.950000000000003 0.542788
23.96 0.539214
23.97 0.535708
23.979999999999997 0.532316
23.990000000000002 0.529074
24.0 0.526014
24.009999999999998 0.523163
24.020000000000003 0.520544
24.03 0.518182
24.04 0.516098
24.049999999999997 0.514317
24.060000000000002 0.512859
24.07 0.511744
24.08 0.510989
24.090000000000003 0.510606
24.1 0.510599
24.11 0.510965
24.119999999999997 0.51169
24.130000000000003 0.512748
24.14 0.514103
24.15 0.515707
24.160000000000004 0.517502
24.17 0.519419
24.18 0.521384
24.189999999999998 0.523317
24.200000000000003 0.525135
24.21 0.526757
24.22 0.528104
24.229999999999997 0.529105
24.240000000000002 0.529696
24.25 0.529825
24.259999999999998 0.529456
24.270000000000003 0.528563
24.28 0.52714
24.29 0.525194
24.299999999999997 0.522748
24.310000000000002 0.519837
24.32 0.516508
24.33 0.512816
24.340000000000003 0.508821
24.35 0.504584
24.36 0.500165
24.369999999999997 0.495617
24.380000000000003 0.49099
24.39 0.486323
24.4 0.481647
24.410000000000004 0.476984
24.42 0.472348
24.43 0.467748
24.439999999999998 0.463188
24.450000000000003 0.45867
24.46 0.454195
24.47 0.449767
24.479999999999997 0.445389
24.490000000000002 0.441068
24.5 0.436812
24.509999999999998 0.432628
24.520000000000003 0.428526
24.53 0.424513
24.54 0.420593
24.549999999999997 0.41677
24.560000000000002 0.41304
24.57 0.409402
24.58 0.405847
24.590000000000003 0.40237
24.6 0.39896
24.61 0.395609
24.619999999999997 0.392311
24.630000000000003 0.38906
24.64 0.385854
24.65 0.38269
24.660000000000004 0.37957
24.67 0.376496
24.68 0.37347
24.689999999999998 0.370495
24.700000000000003 0.367573
24.71 0.364706
24.72 0.361896
24.729999999999997 0.359147
24.740000000000002 0.356462
24.75 0.353847
24.759999999999998 0.351311
24.770000000000003 0.348864
24.78 0.34652
24.79 0.344293
24.799999999999997 0.342198
24.810000000000002 0.34025
24.82 0.338462
24.83 0.336841
24.840000000000003 0.335395
24.85 0.334122
24.86 0.33302
24.869999999999997 0.332081
24.880000000000003 0.331297
24.89 0.330655
24.9 0.330144
24.910000000000004 0.329752
24.92 0.32947
24.93 0.329288
24.939999999999998 0.329201
24.950000000000003 0.329204
24.96 0.329295
24.97 0.329475
24.979999999999997 0.329745
24.990000000000002 0.33011
25.0 0.330576
25.009999999999998 0.33115
25.020000000000003 0.331843
25.03 0.33267
25.04 0.333645
25.049999999999997 0.334787
25.060000000000002 0.336117
25.07 0.337656
25.08 0.339425
25.090000000000003 0.341446
25.1 0.343735
25.11 0.346305
25.119999999999997 0.349162
25.130000000000003 0.352308
25.14 0.355732
25.15 0.359419
25.160000000000004 0.363342
25.17 0.367469
25.18 0.371761
25.189999999999998 0.376174
25.200000000000003 0.380657
25.21 0.385163
25.22 0.389638
25.229999999999997 0.394033
25.240000000000002 0.3983
25.25 0.402394
25.259999999999998 0.406276
25.270000000000003 0.409912
25.28 0.413277
25.29 0.416351
25.299999999999997 0.419127
25.310000000000002 0.421604
25.32 0.423791
25.33 0.425706
25.340000000000003 0.427374
25.35 0.428825
25.36 0.430095
25.369999999999997 0.431223
25.380000000000003 0.432249
25.39 0.433212
25.4 0.434152
25.410000000000004 0.435105
25.42 0.436104
25.43 0.43718
25.439999999999998 0.438358
25.450000000000003 0.439659
25.46 0.441099
25.47 0.44269
25.479999999999997 0.444435
25.490000000000002 0.446337
25.5 0.448393
25.509999999999998 0.450597
25.520000000000003 0.45294
25.53 0.455416
25.54 0.458017
25.549999999999997 0.460739
25.560000000000002 0.463581
25.57 0.466543
25.58 0.46963
25.590000000000003 0.472848
25.6 0.476202
25.61 0.479699
25.619999999999997 0.483339
25.630000000000003 0.487121
25.64 0.491037
25.65 0.495075
25.660000000000004 0.499216
25.67 0.503438
25.68 0.507717
25.689999999999998 0.512027
25.700000000000003 0.516345
25.71 0.52065
25.72 0.524923
25.729999999999997 0.529153
25.740000000000002 0.53333
25.75 0.537451
25.759999999999998 0.541514
25.770000000000003 0.545518
25.78 0.549466
25.79 0.553359
25.799999999999997 0.557194
25.810000000000002 0.560972
25.82 0.564687
25.83 0.568335
25.840000000000003 0.571908
25.85 0.575398
25.86 0.578796
25.869999999999997 0.582092
25.880000000000003 0.585276
25.89 0.588336
25.9 0.591259
25.910000000000004 0.594031
25.92 0.596636
25.93 0.599053
25.939999999999998 0.601261
25.950000000000003 0.603235
25.96 0.604945
25.97 0.606359
25.979999999999997 0.607445
25.990000000000002 0.608166
26.0 0.608487
26.009999999999998 0.608373
26.020000000000003 0.607792
26.03 0.606716
26.04 0.605121
26.049999999999997 0.602993
26.060000000000002 0.600322
26.07 0.597107
26.08 0.593358
26.090000000000003 0.58909
26.1 0.58433
26.11 0.579109
26.119999999999997 0.573469
26.130000000000003 0.567456
26.14 0.561121
26.15 0.554522
26.160000000000004 0.547717
26.17 0.540769
26.18 0.533743
26.189999999999998 0.526703
26.200000000000003 0.519714
26.21 0.512841
26.22 0.506142
26.229999999999997 0.499673
26.240000000000002 0.493486
26.25 0.48762
26.259999999999998 0.482109
26.270000000000003 0.476975
26.28 0.472229
26.29 0.46787
26.299999999999997 0.463888
26.310000000000002 0.460261
26.32 0.456959
26.33 0.453947
26.340000000000003 0.451183
26.35 0.448626
26.36 0.446232
26.369999999999997 0.443962
26.380000000000003 0.441779
26.39 0.439653
26.4 0.437561
26.410000000000004 0.435487
26.42 0.433422
26.43 0.431365
26.439999999999998 0.429324
26.450000000000003 0.427311
26.46 0.425345
26.47 0.423447
26.479999999999997 0.421643
26.490000000000002 0.419957
26.5 0.418415
26.509999999999998 0.417039
26.520000000000003 0.41585
26.53 0.414863
26.54 0.41409
26.549999999999997 0.413538
26.560000000000002 0.41321
26.57 0.413106
26.58 0.413222
26.590000000000003 0.413555
26.6 0.414097
26.61 0.414843
26.619999999999997 0.415784
26.630000000000003 0.416913
26.64 0.418219
26.65 0.41969
26.660000000000004 0.421307
26.67 0.423049
26.68 0.424888
26.689999999999998 0.426788
26.700000000000003 0.42871
26.71 0.43061
26.72 0.432441
26.729999999999997 0.434154
26.740000000000002 0.435705
26.75 0.437054
26.759999999999998 0.438168
26.770000000000003 0.439024
26.78 0.439609
26.79 0.439923
26.799999999999997 0.439974
26.810000000000002 0.439783
26.82 0.439381
26.83 0.438803
26.840000000000003 0.438092
26.85 0.437293
26.86 0.436454
26.869999999999997 0.435621
26.880000000000003 0.434839
26.89 0.43415
26.9 0.433594
26.910000000000004 0.433201
26.92 0.432999
26.93 0.43301
26.939999999999998 0.433245
26.950000000000003 0.43371
26.96 0.434405
26.97 0.435317
26.979999999999997 0.43643
26.990000000000002 0.437719
27.0 0.439154
27.009999999999998 0.4407
27.020000000000003 0.44232
27.03 0.443975
27.04 0.445629
27.049999999999997 0.447251
27.060000000000002 0.448812
27.07 0.450293
27.08 0.45168
27.090000000000003 0.452968
27.1 0.454161
27.11 0.455267
27.119999999999997 0.456302
27.130000000000003 0.457282
27.14 0.45823
27.15 0.459164
27.160000000000004 0.460105
27.17 0.461069
27.18 0.462067
27.189999999999998 0.463109
27.200000000000003 0.464198
27.21 0.465333
27.22 0.46651
27.229999999999997 0.46772
27.240000000000002 0.468952
27.25 0.470195
27.259999999999998 0.471435
27.270000000000003 0.472659
27.28 0.473856
27.29 0.475017
27.299999999999997 0.476135
27.310000000000002 0.477204
27.32 0.478226
27.33 0.479203
27.340000000000003 0.480139
27.35 0.481045
27.36 0.481931
27.369999999999997 0.482808
27.380000000000003 0.483689
27.39 0.484585
27.4 0.485507
27.410000000000004 0.486461
27.42 0.487453
27.43 0.488483
27.439999999999998 0.489547
27.450000000000003 0.49064
27.46 0.491751
27.47 0.492868
27.479999999999997 0.493978
27.490000000000002 0.495067
27.5 0.496118
27.509999999999998 0.49712
27.520000000000003 0.498057
27.53 0.498919
27.54 0.499694
27.549999999999997 0.500372
27.560000000000002 0.500945
27.57 0.501404
27.58 0.501741
27.590000000000003 0.501951
27.6 0.50203
27.61 0.501975
27.619999999999997 0.501789
27.630000000000003 0.501476
27.64 0.501046
27.65 0.500514
27.660000000000004 0.499896
27.67 0.499216
27.68 0.498496
27.689999999999998 0.497763
27.700000000000003 0.497043
27.71 0.496362
27.72 0.495743
27.729999999999997 0.495204
27.740000000000002 0.494764
27.75 0.494431
27.759999999999998 0.494214
27.770000000000003 0.494114
27.78 0.494126
27.79 0.494244
27.799999999999997 0.494456
27.810000000000002 0.494749
27.82 0.495104
27.83 0.495503
27.840000000000003 0.495929
27.85 0.49636
27.86 0.49678
27.869999999999997 0.497171
27.880000000000003 0.497519
27.89 0.49781
27.9 0.498036
27.910000000000004 0.498189
27.92 0.498266
27.93 0.498265
27.939999999999998 0.498187
27.950000000000003 0.498035
27.96 0.497813
27.97 0.497525
27.979999999999997 0.497177
27.990000000000002 0.496772
28.0 0.496316
28.009999999999998 0.495812
28.020000000000003 0.495264
28.03 0.494676
28.04 0.494053
28.049999999999997 0.493399
28.060000000000002 0.492721
28.07 0.492026
28.08 0.491324
28.090000000000003 0.490621
28.1 0.489928
28.11 0.489251
28.119999999999997 0.488595
28.130000000000003 0.487963
28.14 0.487356
28.15 0.486769
28.160000000000004 0.486198
28.17 0.485635
28.18 0.485071
28.189999999999998 0.484498
28.200000000000003 0.48391
28.21 0.483301
28.22 0.48267
28.229999999999997 0.482018
28.240000000000002 0.481353
28.25 0.480681
28.259999999999998 0.480015
28.270000000000003 0.479369
28.28 0.478758
28.29 0.478198
28.299999999999997 0.477704
28.310000000000002 0.47729
28.32 0.476968
28.33 0.476744
28.340000000000003 0.476623
28.35 0.476603
28.36 0.476679
28.369999999999997 0.47684
28.380000000000003 0.47707
28.39 0.47735
28.4 0.477658
28.410000000000004 0.477974
28.42 0.478276
28.43 0.478547
28.439999999999998 0.478776
28.450000000000003 0.478953
28.46 0.479079
28.47 0.479157
28.479999999999997 0.479199
28.490000000000002 0.479216
28.5 0.479223
28.509999999999998 0.479236
28.520000000000003 0.479269
28.53 0.47933
28.54 0.479427
28.549999999999997 0.479563
28.560000000000002 0.479735
28.57 0.479939
28.58 0.480169
28.590000000000003 0.480417
28.6 0.480675
28.61 0.480936
28.619999999999997 0.481193
28.630000000000003 0.481442
28.64 0.48168
28.65 0.481903
28.660000000000004 0.482112
28.67 0.482307
28.68 0.482489
28.689999999999998 0.482661
28.700000000000003 0.482828
28.71 0.482998
28.72 0.483179
28.729999999999997 0.483383
28.740000000000002 0.483625
28.75 0.483918
28.759999999999998 0.484281
28.770000000000003 0.484729
28.78 0.485279
28.79 0.485945
28.799999999999997 0.48674
28.810000000000002 0.487673
28.82 0.488749
28.83 0.48997
28.840000000000003 0.491336
28.85 0.49284
28.86 0.494476
28.869999999999997 0.496235
28.880000000000003 0.498103
28.89 0.500069
28.9 0.502118
28.910000000000004 0.504238
28.92 0.506413
28.93 0.508628
28.939999999999998 0.510871
28.950000000000003 0.513126
28.96 0.51538
28.97 0.51762
28.979999999999997 0.519835
28.990000000000002 0.522017
29.0 0.524158
29.009999999999998 0.526254
29.020000000000003 0.528306
29.03 0.530316
29.04 0.532292
29.049999999999997 0.53424
29.060000000000002 0.536173
29.07 0.538102
29.08 0.540038
29.090000000000003 0.541993
29.1 0.543977
29.11 0.545997
29.119999999999997 0.54806
29.130000000000003 0.550169
29.14 0.552326
29.15 0.554532
29.160000000000004 0.556785
29.17 0.559081
29.18 0.561414
29.189999999999998 0.563776
29.200000000000003 0.566154
29.21 0.568533
29.22 0.570892
29.229999999999997 0.573206
29.240000000000002 0.575444
29.25 0.577574
29.259999999999998 0.579556
29.270000000000003 0.581353
29.28 0.582924
29.29 0.584229
29.299999999999997 0.585233
29.310000000000002 0.585903
29.32 0.586215
29.33 0.586148
29.340000000000003 0.585693
29.35 0.584847
29.36 0.583617
29.369999999999997 0.582016
29.380000000000003 0.580069
29.39 0.577802
29.4 0.57525
29.410000000000004 0.57245
29.42 0.569442
29.43 0.566266
29.439999999999998 0.562963
29.450000000000003 0.55957
29.46 0.556124
29.47 0.552659
29.479999999999997 0.549208
29.490000000000002 0.5458
29.5 0.542463
29.509999999999998 0.539225
29.520000000000003 0.536112
29.53 0.533149
29.54 0.530362
29.549999999999997 0.527774
29.560000000000002 0.525406
29.57 0.523278
29.58 0.521404
29.590000000000003 0.519794
29.6 0.518454
29.61 0.517381
29.619999999999997 0.516569
29.630000000000003 0.516001
29.64 0.515657
29.65 0.515508
29.660000000000004 0.515521
29.67 0.515661
29.68 0.515887
29.689999999999998 0.51616
29.700000000000003 0.51644
29.71 0.51669
29.72 0.516876
29.729999999999997 0.516969
29.740000000000002 0.516945
29.75 0.516785
29.759999999999998 0.516477
29.770000000000003 0.516012
29.78 0.515389
29.79 0.51461
29.799999999999997 0.51368
29.810000000000002 0.512607
29.82 0.511403
29.83 0.510079
29.840000000000003 0.508647
29.85 0.507123
29.86 0.505518
29.869999999999997 0.503844
29.880000000000003 0.502115
29.89 0.500339
29.9 0.498528
29.910000000000004 0.49669
29.92 0.494838
29.93 0.492981
29.939999999999998 0.491133
29.950000000000003 0.489311
29.96 0.487532
29.97 0.485819
29.979999999999997 0.484196
29.990000000000002 0.48269
30.0 0.481327
30.009999999999998 0.480135
30.020000000000003 0.479136
30.03 0.478349
30.04 0.477786
30.049999999999997 0.47745
30.060000000000002 0.477335
30.07 0.477425
30.08 0.477693
30.090000000000003 0.478103
30.1 0.478612
30.11 0.479167
30.119999999999997 0.479713
30.130000000000003 0.480194
30.14 0.480556
30.15 0.480748
30.160000000000004 0.480728
30.17 0.480464
30.18 0.479935
30.189999999999998 0.479134
30.200000000000003 0.478067
30.21 0.476753
30.22 0.47522
30.229999999999997 0.473507
30.240000000000002 0.471657
30.25 0.469717
30.259999999999998 0.467734
30.270000000000003 0.465753
30.28 0.463812
30.29 0.461944
30.299999999999997 0.460176
30.310000000000002 0.458526
30.32 0.457004
30.33 0.455619
30.340000000000003 0.454371
30.35 0.453258
30.36 0.452279
30.369999999999997 0.451431
30.380000000000003 0.450711
30.39 0.450118
30.4 0.449652
30.410000000000004 0.449316
30.42 0.449111
30.43 0.449042
30.439999999999998 0.449112
30.450000000000003 0.449323
30.46 0.449679
30.47 0.450182
30.479999999999997 0.450832
30.490000000000002 0.451628
30.5 0.452568
30.509999999999998 0.453652
30.520000000000003 0.454874
30.53 0.456231
30.54 0.457718
30.549999999999997 0.459331
30.560000000000002 0.461065
30.57 0.462916
30.58 0.464879
30.590000000000003 0.466952
30.6 0.469133
30.61 0.471422
30.619999999999997 0.473818
30.630000000000003 0.476323
30.64 0.478937
30.65 0.481662
30.660000000000004 0.484495
30.67 0.487435
30.68 0.490473
30.689999999999998 0.493598
30.700000000000003 0.496793
30.71 0.500035
30.72 0.503293
30.729999999999997 0.506532
30.740000000000002 0.509712
30.75 0.512788
30.759999999999998 0.515713
30.770000000000003 0.518443
30.78 0.520932
30.79 0.523142
30.799999999999997 0.525042
30.810000000000002 0.526607
30.82 0.527824
30.83 0.528691
30.840000000000003 0.529214
30.85 0.529414
30.86 0.529317
30.869999999999997 0.528961
30.880000000000003 0.52839
30.89 0.527653
30.9 0.526804
30.910000000000004 0.525896
30.92 0.524985
30.93 0.524122
30.939999999999998 0.523352
30.950000000000003 0.522716
30.96 0.522244
30.97 0.521956
30.979999999999997 0.521862
30.990000000000002 0.521956
31.0 0.522223
31.009999999999998 0.522634
31.020000000000003 0.523148
31.03 0.523719
31.04 0.524291
31.049999999999997 0.524806
31.060000000000002 0.525207
31.07 0.525442
31.08 0.525462
31.090000000000003 0.525233
31.1 0.524728
31.11 0.523935
31.119999999999997 0.522856
31.130000000000003 0.521504
31.14 0.519904
31.15 0.518093
31.160000000000004 0.516115
31.17 0.51402
31.18 0.511865
31.189999999999998 0.50971
31.200000000000003 0.507615
31.21 0.505644
31.22 0.503855
31.229999999999997 0.502309
31.240000000000002 0.501059
31.25 0.500153
31.259999999999998 0.49963
31.270000000000003 0.49952
31.28 0.499839
31.29 0.500591
31.299999999999997 0.501764
31.310000000000002 0.503334
31.32 0.50526
31.33 0.507489
31.340000000000003 0.50996
31.35 0.512601
31.36 0.515337
31.369999999999997 0.518091
31.380000000000003 0.520788
31.39 0.523357
31.4 0.525737
31.410000000000004 0.527875
31.42 0.52973
31.43 0.531271
31.439999999999998 0.53248
31.450000000000003 0.53335
31.46 0.53388
31.47 0.534079
31.479999999999997 0.533958
31.490000000000002 0.533531
31.5 0.532817
31.509999999999998 0.531831
31.520000000000003 0.53059
31.53 0.529111
31.54 0.527414
31.549999999999997 0.525519
31.560000000000002 0.52345
31.57 0.521234
31.58 0.518903
31.590000000000003 0.516492
31.6 0.514038
31.61 0.511581
31.619999999999997 0.509158
31.630000000000003 0.506808
31.64 0.504562
31.65 0.502448
31.660000000000004 0.500488
31.67 0.498695
31.68 0.497075
31.689999999999998 0.495626
31.700000000000003 0.49434
31.71 0.493199
31.72 0.492183
31.729999999999997 0.491264
31.740000000000002 0.49041
31.75 0.48959
31.759999999999998 0.488767
31.770000000000003 0.487909
31.78 0.486981
31.79 0.485954
31.799999999999997 0.484801
31.810000000000002 0.483498
31.82 0.482027
31.83 0.480375
31.840000000000003 0.478533
31.85 0.476495
31.86 0.474261
31.869999999999997 0.471834
31.880000000000003 0.469222
31.89 0.466436
31.9 0.46349
31.910000000000004 0.460401
31.92 0.45719
31.93 0.45388
31.939999999999998 0.450496
31.950000000000003 0.447063
31.96 0.443609
31.97 0.44016
31.979999999999997 0.436743
31.990000000000002 0.433383
32.0 0.430103
32.01 0.426926
32.02 0.423869
32.03 0.42095
32.04 0.418184
32.05 0.415582
32.06 0.413152
32.07 0.410901
32.08 0.408831
32.09 0.406942
32.1 0.405229
32.11 0.403688
32.12 0.402309
32.13 0.401081
32.14 0.399994
32.15 0.399034
32.160000000000004 0.39819
32.17 0.397452
32.18 0.396811
32.19 0.396262
32.2 0.395803
32.21 0.395433
32.22 0.395156
32.23 0.394978
32.24 0.394903
32.25 0.394941
32.26 0.395097
32.27 0.395377
32.28 0.395784
32.29 0.39632
32.3 0.396984
32.31 0.397772
32.32 0.398678
32.33 0.399694
32.34 0.400811
32.35 0.40202
32.36 0.403309
32.37 0.404669
32.38 0.40609
32.39 0.407563
32.4 0.409079
32.410000000000004 0.410632
32.42 0.412217
32.43 0.413832
32.44 0.415475
32.45 0.417148
32.46 0.418854
32.47 0.420602
32.48 0.422398
32.49 0.424252
32.5 0.426175
32.51 0.428178
32.52 0.430268
32.53 0.432455
32.54 0.434741
32.55 0.437126
32.56 0.439608
32.57 0.442178
32.58 0.444823
32.59 0.447527
32.6 0.45027
32.61 0.45303
32.62 0.455784
32.63 0.458506
32.64 0.461172
32.65 0.46376
32.660000000000004 0.466246
32.67 0.46861
32.68 0.470836
32.69 0.472906
32.7 0.474807
32.71 0.47653
32.72 0.478065
32.73 0.479408
32.74 0.480554
32.75 0.481505
32.76 0.482263
32.77 0.482834
32.78 0.483227
32.79 0.483457
32.8 0.483538
32.81 0.48349
32.82 0.483336
32.83 0.483101
32.84 0.48281
32.85 0.482492
32.86 0.482175
32.87 0.481886
32.88 0.481651
32.89 0.481492
32.9 0.481429
32.910000000000004 0.481479
32.92 0.481653
32.93 0.481959
32.94 0.482401
32.95 0.482979
32.96 0.483689
32.97 0.484524
32.98 0.485473
32.99 0.486523
33.0 0.48766
33.01 0.488864
33.02 0.490118
33.03 0.491403
33.04 0.4927
33.05 0.493992
33.06 0.495264
33.07 0.496505
33.08 0.497707
33.09 0.498866
33.1 0.499982
33.11 0.50106
33.12 0.502105
33.13 0.503127
33.14 0.504134
33.15 0.505136
33.160000000000004 0.506143
33.17 0.50716
33.18 0.508194
33.19 0.50925
33.2 0.510329
33.21 0.511433
33.22 0.512565
33.23 0.513723
33.24 0.514911
33.25 0.516128
33.26 0.517376
33.27 0.518656
33.28 0.519968
33.29 0.52131
33.3 0.522682
33.31 0.52408
33.32 0.525497
33.33 0.526927
33.34 0.528362
33.35 0.529792
33.36 0.531207
33.37 0.532594
33.38 0.533943
33.39 0.535242
33.4 0.536479
33.410000000000004 0.537641
33.42 0.538718
33.43 0.539697
33.44 0.540569
33.45 0.541324
33.46 0.541955
33.47 0.542458
33.48 0.542832
33.49 0.543079
33.5 0.543208
33.51 0.543229
33.52 0.543159
33.53 0.543018
33.54 0.542828
33.55 0.542611
33.56 0.542388
33.57 0.542178
33.58 0.541992
33.59 0.541836
33.6 0.541706
33.61 0.54159
33.62 0.541469
33.63 0.541313
33.64 0.541087
33.65 0.540755
33.660000000000004 0.540276
33.67 0.539613
33.68 0.538731
33.69 0.537603
33.7 0.536208
33.71 0.534535
33.72 0.532585
33.73 0.530365
33.74 0.527896
33.75 0.525203
33.76 0.522321
33.77 0.51929
33.78 0.516153
33.79 0.512953
33.8 0.509735
33.81 0.506539
33.82 0.503401
33.83 0.50035
33.84 0.497408
33.85 0.494588
33.86 0.491894
33.87 0.489324
33.88 0.486865
33.89 0.484501
33.9 0.482212
33.910000000000004 0.479975
33.92 0.477771
33.93 0.47558
33.94 0.473389
33.95 0.471192
33.96 0.468986
33.97 0.466778
33.98 0.464577
33.99 0.462398
34.0 0.460258
34.01 0.458174
34.02 0.456161
34.03 0.454232
34.04 0.452393
34.05 0.450647
34.06 0.448988
34.07 0.447405
34.08 0.44588
34.09 0.444393
34.1 0.442917
34.11 0.441426
34.12 0.439894
34.13 0.438297
34.14 0.436617
34.15 0.43484
34.160000000000004 0.43296
34.17 0.430976
34.18 0.428897
34.19 0.426734
34.2 0.424505
34.21 0.422231
34.22 0.419934
34.23 0.417637
34.24 0.415363
34.25 0.413132
34.26 0.410965
34.27 0.408879
34.28 0.406892
34.29 0.405019
34.3 0.403276
34.31 0.401677
34.32 0.400235
34.33 0.398965
34.34 0.397877
34.35 0.396981
34.36 0.396285
34.37 0.395792
34.38 0.395505
34.39 0.395419
34.4 0.39553
34.410000000000004 0.395827
34.42 0.396298
34.43 0.396928
34.44 0.3977
34.45 0.398596
34.46 0.399597
34.47 0.400686
34.48 0.401847
34.49 0.403064
34.5 0.404325
34.51 0.405619
34.52 0.406937
34.53 0.408271
34.54 0.409617
34.55 0.410969
34.56 0.412324
34.57 0.41368
34.58 0.415033
34.59 0.416384
34.6 0.41773
34.61 0.419074
34.62 0.420418
34.63 0.421764
34.64 0.42312
34.65 0.424492
34.660000000000004 0.425887
34.67 0.427316
34.68 0.428786
34.69 0.430305
34.7 0.431881
34.71 0.433515
34.72 0.435209
34.73 0.436957
34.74 0.438752
34.75 0.440577
34.76 0.442415
34.77 0.444242
34.78 0.44603
34.79 0.447752
34.8 0.449377
34.81 0.45088
34.82 0.452235
34.83 0.453426
34.84 0.45444
34.85 0.455276
34.86 0.455937
34.87 0.456437
34.88 0.456794
34.89 0.457032
34.9 0.457178
34.910000000000004 0.457257
34.92 0.457294
34.93 0.45731
34.94 0.457318
34.95 0.457328
34.96 0.45734
34.97 0.457351
34.98 0.457351
34.99 0.457329
35.0 0.457271
35.01 0.457165
35.02 0.457001
35.03 0.456774
35.04 0.456485
35.05 0.456142
35.06 0.455757
35.07 0.455348
35.08 0.454941
35.09 0.454559
35.1 0.454231
35.11 0.453983
35.12 0.453836
35.13 0.453809
35.14 0.453914
35.15 0.454157
35.160000000000004 0.454537
35.17 0.455049
35.18 0.455681
35.19 0.456417
35.2 0.457239
35.21 0.458127
35.22 0.459061
35.23 0.460021
35.24 0.460987
35.25 0.461942
35.26 0.462869
35.27 0.463752
35.28 0.46458
35.29 0.46534
35.3 0.466024
35.31 0.466623
35.32 0.467135
35.33 0.467557
35.34 0.467892
35.35 0.468145
35.36 0.468322
35.37 0.468436
35.38 0.468498
35.39 0.468522
35.4 0.46852
35.410000000000004 0.468506
35.42 0.468487
35.43 0.468474
35.44 0.46847
35.45 0.468477
35.46 0.468496
35.47 0.468522
35.48 0.468554
35.49 0.468586
35.5 0.468614
35.51 0.468635
35.52 0.468645
35.53 0.468643
35.54 0.468627
35.55 0.468596
35.56 0.468546
35.57 0.468476
35.58 0.468381
35.59 0.468256
35.6 0.468094
35.61 0.467889
35.62 0.467632
35.63 0.467317
35.64 0.466936
35.65 0.466484
35.660000000000004 0.465956
35.67 0.465352
35.68 0.464671
35.69 0.463915
35.7 0.463086
35.71 0.46219
35.72 0.461231
35.73 0.460214
35.74 0.459145
35.75 0.458029
35.76 0.45687
35.77 0.455674
35.78 0.454444
35.79 0.453186
35.8 0.451905
35.81 0.450606
35.82 0.449294
35.83 0.447976
35.84 0.446657
35.85 0.445342
35.86 0.444035
35.87 0.442739
35.88 0.441458
35.89 0.440193
35.9 0.438947
35.910000000000004 0.437722
35.92 0.436522
35.93 0.435355
35.94 0.434229
35.95 0.433156
35.96 0.432151
35.97 0.43123
35.980000000000004 0.43041
35.99 0.429709
36.0 0.429142
36.01 0.428725
36.02 0.428467
36.03 0.428376
36.04 0.428454
36.05 0.428701
36.06 0.429114
36.07 0.429689
36.08 0.430417
36.09 0.431294
36.1 0.432311
36.11 0.433464
36.12 0.434746
36.13 0.436154
36.14 0.437684
36.15 0.439331
36.160000000000004 0.441089
36.17 0.442953
36.18 0.444915
36.19 0.446965
36.2 0.449091
36.21 0.451281
36.22 0.45352
36.230000000000004 0.455793
36.24 0.458085
36.25 0.460378
36.26 0.462659
36.27 0.46491
36.28 0.467118
36.29 0.469268
36.3 0.471347
36.31 0.473341
36.32 0.475239
36.33 0.477031
36.34 0.478708
36.35 0.480263
36.36 0.481692
36.37 0.482994
36.38 0.484173
36.39 0.485234
36.4 0.486187
36.410000000000004 0.487048
36.42 0.487833
36.43 0.488564
36.44 0.489264
36.45 0.48996
36.46 0.490678
36.47 0.491445
36.480000000000004 0.49229
36.49 0.493239
36.5 0.494318
36.51 0.495552
36.52 0.496965
36.53 0.498577
36.54 0.500407
36.55 0.502473
36.56 0.504787
36.57 0.507359
36.58 0.510193
36.59 0.513291
36.6 0.516645
36.61 0.520244
36.62 0.524068
36.63 0.528094
36.64 0.53229
36.65 0.53662
36.660000000000004 0.541042
36.67 0.545512
36.68 0.54998
36.69 0.554398
36.7 0.558711
36.71 0.562865
36.72 0.566806
36.730000000000004 0.570478
36.74 0.573827
36.75 0.576798
36.76 0.579343
36.77 0.581415
36.78 0.582977
36.79 0.584001
36.8 0.58447
36.81 0.584378
36.82 0.583734
36.83 0.582561
36.84 0.580892
36.85 0.578774
36.86 0.576258
36.87 0.573403
36.88 0.570271
36.89 0.566921
36.9 0.56341
36.910000000000004 0.55979
36.92 0.556104
36.93 0.552389
36.94 0.548674
36.95 0.544982
36.96 0.541329
36.97 0.537729
36.980000000000004 0.53419
36.99 0.530722
37.0 0.527334
37.01 0.524035
37.019999999999996 0.520836
37.03 0.517749
37.04 0.514786
37.05 0.51196
37.059999999999995 0.50928
37.07 0.506757
37.08 0.504395
37.089999999999996 0.502199
37.1 0.500167
37.11 0.498298
37.12 0.496585
37.129999999999995 0.495025
37.14 0.49361
37.15 0.492337
37.16 0.491202
37.17 0.490205
37.18 0.489348
37.19 0.488632
37.199999999999996 0.488065
37.21 0.487649
37.22 0.487389
37.23 0.487286
37.24 0.487339
37.25 0.487544
37.26 0.487891
37.269999999999996 0.488368
37.28 0.488959
37.29 0.489646
37.3 0.490408
37.309999999999995 0.491225
37.32 0.492074
37.33 0.492937
37.339999999999996 0.493794
37.35 0.494633
37.36 0.495441
37.37 0.496212
37.379999999999995 0.496944
37.39 0.497638
37.4 0.4983
37.41 0.498939
37.42 0.499568
37.43 0.500198
37.44 0.500843
37.449999999999996 0.501513
37.46 0.502217
37.47 0.502961
37.48 0.503747
37.49 0.504571
37.5 0.505427
37.51 0.506306
37.519999999999996 0.507197
37.53 0.508085
37.54 0.508957
37.55 0.509802
37.559999999999995 0.51061
37.57 0.511371
37.58 0.512082
37.589999999999996 0.512739
37.6 0.513342
37.61 0.513891
37.62 0.514389
37.629999999999995 0.514837
37.64 0.515237
37.65 0.515587
37.66 0.515887
37.67 0.516135
37.68 0.516327
37.69 0.516462
37.699999999999996 0.516537
37.71 0.516553
37.72 0.516512
37.73 0.516418
37.74 0.51628
37.75 0.516107
37.76 0.515913
37.769999999999996 0.515711
37.78 0.515517
37.79 0.515346
37.8 0.515212
37.809999999999995 0.515126
37.82 0.5151
37.83 0.515137
37.839999999999996 0.515242
37.85 0.515411
37.86 0.51564
37.87 0.515917
37.879999999999995 0.51623
37.89 0.516563
37.9 0.516897
37.91 0.517212
37.92 0.517484
37.93 0.517692
37.94 0.517812
37.949999999999996 0.51782
37.96 0.517693
37.97 0.517409
37.98 0.516949
37.99 0.516296
38.0 0.515437
38.01 0.514366
38.019999999999996 0.513083
38.03 0.511592
38.04 0.509906
38.05 0.508046
38.059999999999995 0.506037
38.07 0.503908
38.08 0.501693
38.089999999999996 0.499427
38.1 0.497146
38.11 0.494885
38.12 0.492677
38.129999999999995 0.490552
38.14 0.488539
38.15 0.486661
38.16 0.484941
38.17 0.483397
38.18 0.482044
38.19 0.480896
38.199999999999996 0.479963
38.21 0.479254
38.22 0.478772
38.23 0.478521
38.24 0.478497
38.25 0.478694
38.26 0.479101
38.269999999999996 0.479701
38.28 0.480473
38.29 0.481387
38.3 0.48241
38.309999999999995 0.483504
38.32 0.484625
38.33 0.485728
38.339999999999996 0.486766
38.35 0.487697
38.36 0.488479
38.37 0.489079
38.379999999999995 0.489471
38.39 0.489641
38.4 0.489585
38.41 0.489313
38.42 0.488845
38.43 0.488213
38.44 0.48746
38.449999999999996 0.486632
38.46 0.485784
38.47 0.484967
38.48 0.484234
38.49 0.483631
38.5 0.483197
38.51 0.482959
38.519999999999996 0.482937
38.53 0.483136
38.54 0.483553
38.55 0.484173
38.559999999999995 0.484975
38.57 0.48593
38.58 0.48701
38.589999999999996 0.488182
38.6 0.489418
38.61 0.490692
38.62 0.491983
38.629999999999995 0.493274
38.64 0.494554
38.65 0.495817
38.66 0.497061
38.67 0.498286
38.68 0.499496
38.69 0.500694
38.699999999999996 0.501883
38.71 0.503067
38.72 0.504249
38.73 0.505427
38.74 0.5066
38.75 0.507764
38.76 0.508912
38.769999999999996 0.510033
38.78 0.511115
38.79 0.512144
38.8 0.513104
38.809999999999995 0.513975
38.82 0.514742
38.83 0.515385
38.839999999999996 0.515889
38.85 0.516239
38.86 0.516423
38.87 0.516431
38.879999999999995 0.516256
38.89 0.515895
38.9 0.515348
38.91 0.514617
38.92 0.51371
38.93 0.512634
38.94 0.511406
38.949999999999996 0.510043
38.96 0.508568
38.97 0.507009
38.98 0.505398
38.99 0.50377
39.0 0.502163
39.01 0.500614
39.019999999999996 0.499162
39.03 0.497839
39.04 0.496672
39.05 0.495682
39.059999999999995 0.494878
39.07 0.494262
39.08 0.493824
39.089999999999996 0.493546
39.1 0.4934
39.11 0.493354
39.12 0.493373
39.129999999999995 0.493417
39.14 0.49345
39.15 0.493439
39.16 0.493352
39.17 0.493168
39.18 0.492867
39.19 0.492439
39.199999999999996 0.491876
39.21 0.491179
39.22 0.49035
39.23 0.489396
39.24 0.488327
39.25 0.487155
39.26 0.485892
39.269999999999996 0.484552
39.28 0.483149
39.29 0.481698
39.3 0.480212
39.31 0.478704
39.32 0.477186
39.33 0.475671
39.339999999999996 0.474168
39.35 0.472688
39.36 0.471241
39.37 0.469838
39.379999999999995 0.468489
39.39 0.467208
39.4 0.466008
39.41 0.464902
39.42 0.463904
39.43 0.463028
39.44 0.462287
39.449999999999996 0.461692
39.46 0.461252
39.47 0.460973
39.48 0.460859
39.49 0.460907
39.5 0.461114
39.51 0.461472
39.519999999999996 0.46197
39.53 0.462593
39.54 0.463323
39.55 0.46414
39.56 0.465023
39.57 0.465949
39.58 0.466896
39.589999999999996 0.467844
39.6 0.468774
39.61 0.469674
39.62 0.470533
39.629999999999995 0.471345
39.64 0.472112
39.65 0.472835
39.66 0.473521
39.67 0.474178
39.68 0.474813
39.69 0.475433
39.699999999999996 0.476044
39.71 0.476644
39.72 0.47723
39.73 0.477795
39.74 0.478326
39.75 0.478807
39.76 0.479219
39.769999999999996 0.479543
39.78 0.479758
39.79 0.479849
39.8 0.479801
39.81 0.479606
39.82 0.47926
39.83 0.478769
39.839999999999996 0.478143
39.85 0.477398
39.86 0.476557
39.87 0.475644
39.879999999999995 0.474687
39.89 0.473715
39.9 0.472753
39.91 0.471826
39.92 0.470955
39.93 0.470153
39.94 0.469433
39.949999999999996 0.4688
39.96 0.468254
39.97 0.467793
39.98 0.467411
39.99 0.467099
40.0 0.466849
