 # Egap(eV), k1, k2, k3, Auger_coef(cm6s-1), eta (eV) =   0.10000000000000001     
 1.0201874000    1    1    1   0.49194141E-032
 1.0201874000    1    2    1   0.14424880E-032
 1.0201874000    1    3    1   0.21038773E-032
 1.0201874000    1    4    1   0.26744476E-035
 1.0201874000    1    5    1   0.23104047E-032
 1.0201874000    1    6    1   0.14610455E-032
 1.0201874000    2    1    1   0.14424937E-032
 1.0201874000    2    2    1   0.70815240E-032
 1.0201874000    2    3    1   0.35482518E-032
 1.0201874000    2    4    1   0.28376272E-032
 1.0201874000    2    5    1   0.15401121E-035
 1.0201874000    2    6    1   0.58139137E-033
 1.0201874000    3    1    1   0.21038726E-032
 1.0201874000    3    2    1   0.35482032E-032
 1.0201874000    3    3    1   0.12299343E-031
 1.0201874000    3    4    1   0.17936219E-032
 1.0201874000    3    5    1   0.27753382E-032
 1.0201874000    3    6    1   0.20423560E-035
 1.0201874000    4    1    1   0.26744476E-035
 1.0201874000    4    2    1   0.28376272E-032
 1.0201874000    4    3    1   0.17936223E-032
 1.0201874000    4    4    1   0.33542423E-032
 1.0201874000    4    5    1   0.16022505E-032
 1.0201874000    4    6    1   0.26756281E-032
 1.0201874000    5    1    1   0.23104047E-032
 1.0201874000    5    2    1   0.15401121E-035
 1.0201874000    5    3    1   0.27753381E-032
 1.0201874000    5    4    1   0.16022505E-032
 1.0201874000    5    5    1   0.10711664E-031
 1.0201874000    5    6    1   0.35809079E-032
 1.0201874000    6    1    1   0.14610455E-032
 1.0201874000    6    2    1   0.58139140E-033
 1.0201874000    6    3    1   0.20423560E-035
 1.0201874000    6    4    1   0.26756281E-032
 1.0201874000    6    5    1   0.35809079E-032
 1.0201874000    6    6    1   0.55835162E-032
 1.0301874000    1    1    1   0.48677204E-032
 1.0301874000    1    2    1   0.13771461E-032
 1.0301874000    1    3    1   0.20510880E-032
 1.0301874000    1    4    1   0.29490461E-035
 1.0301874000    1    5    1   0.22610254E-032
 1.0301874000    1    6    1   0.14033824E-032
 1.0301874000    2    1    1   0.13771505E-032
 1.0301874000    2    2    1   0.71874436E-032
 1.0301874000    2    3    1   0.35068297E-032
 1.0301874000    2    4    1   0.27671338E-032
 1.0301874000    2    5    1   0.16818346E-035
 1.0301874000    2    6    1   0.55281789E-033
 1.0301874000    3    1    1   0.20510825E-032
 1.0301874000    3    2    1   0.35067884E-032
 1.0301874000    3    3    1   0.12300498E-031
 1.0301874000    3    4    1   0.17297585E-032
 1.0301874000    3    5    1   0.26335297E-032
 1.0301874000    3    6    1   0.22310117E-035
 1.0301874000    4    1    1   0.29490461E-035
 1.0301874000    4    2    1   0.27671338E-032
 1.0301874000    4    3    1   0.17297588E-032
 1.0301874000    4    4    1   0.34655087E-032
 1.0301874000    4    5    1   0.15473226E-032
 1.0301874000    4    6    1   0.26063575E-032
 1.0301874000    5    1    1   0.22610254E-032
 1.0301874000    5    2    1   0.16818346E-035
 1.0301874000    5    3    1   0.26335297E-032
 1.0301874000    5    4    1   0.15473226E-032
 1.0301874000    5    5    1   0.10756980E-031
 1.0301874000    5    6    1   0.35375589E-032
 1.0301874000    6    1    1   0.14033824E-032
 1.0301874000    6    2    1   0.55281791E-033
 1.0301874000    6    3    1   0.22310117E-035
 1.0301874000    6    4    1   0.26063575E-032
 1.0301874000    6    5    1   0.35375589E-032
 1.0301874000    6    6    1   0.56936053E-032
 1.0401874000    1    1    1   0.48120136E-032
 1.0401874000    1    2    1   0.13141017E-032
 1.0401874000    1    3    1   0.19997493E-032
 1.0401874000    1    4    1   0.32510772E-035
 1.0401874000    1    5    1   0.22128035E-032
 1.0401874000    1    6    1   0.13472890E-032
 1.0401874000    2    1    1   0.13141050E-032
 1.0401874000    2    2    1   0.72876649E-032
 1.0401874000    2    3    1   0.34658424E-032
 1.0401874000    2    4    1   0.26932001E-032
 1.0401874000    2    5    1   0.18389646E-035
 1.0401874000    2    6    1   0.52676007E-033
 1.0401874000    3    1    1   0.19997429E-032
 1.0401874000    3    2    1   0.34658082E-032
 1.0401874000    3    3    1   0.12285108E-031
 1.0401874000    3    4    1   0.16691369E-032
 1.0401874000    3    5    1   0.24972656E-032
 1.0401874000    3    6    1   0.24408559E-035
 1.0401874000    4    1    1   0.32510772E-035
 1.0401874000    4    2    1   0.26932000E-032
 1.0401874000    4    3    1   0.16691371E-032
 1.0401874000    4    4    1   0.35775678E-032
 1.0401874000    4    5    1   0.14954033E-032
 1.0401874000    4    6    1   0.25355673E-032
 1.0401874000    5    1    1   0.22128035E-032
 1.0401874000    5    2    1   0.18389646E-035
 1.0401874000    5    3    1   0.24972655E-032
 1.0401874000    5    4    1   0.14954033E-032
 1.0401874000    5    5    1   0.10789413E-031
 1.0401874000    5    6    1   0.34937717E-032
 1.0401874000    6    1    1   0.13472890E-032
 1.0401874000    6    2    1   0.52676008E-033
 1.0401874000    6    3    1   0.24408559E-035
 1.0401874000    6    4    1   0.25355673E-032
 1.0401874000    6    5    1   0.34937717E-032
 1.0401874000    6    6    1   0.58013531E-032
 1.0501874000    1    1    1   0.47529976E-032
 1.0501874000    1    2    1   0.12533489E-032
 1.0501874000    1    3    1   0.19497427E-032
 1.0501874000    1    4    1   0.35824210E-035
 1.0501874000    1    5    1   0.21655547E-032
 1.0501874000    1    6    1   0.12929866E-032
 1.0501874000    2    1    1   0.12533513E-032
 1.0501874000    2    2    1   0.73837660E-032
 1.0501874000    2    3    1   0.34247369E-032
 1.0501874000    2    4    1   0.26165082E-032
 1.0501874000    2    5    1   0.20137343E-035
 1.0501874000    2    6    1   0.50278863E-033
 1.0501874000    3    1    1   0.19497354E-032
 1.0501874000    3    2    1   0.34247094E-032
 1.0501874000    3    3    1   0.12253567E-031
 1.0501874000    3    4    1   0.16117265E-032
 1.0501874000    3    5    1   0.23665246E-032
 1.0501874000    3    6    1   0.26745655E-035
 1.0501874000    4    1    1   0.35824210E-035
 1.0501874000    4    2    1   0.26165082E-032
 1.0501874000    4    3    1   0.16117266E-032
 1.0501874000    4    4    1   0.36903870E-032
 1.0501874000    4    5    1   0.14462578E-032
 1.0501874000    4    6    1   0.24636368E-032
 1.0501874000    5    1    1   0.21655548E-032
 1.0501874000    5    2    1   0.20137343E-035
 1.0501874000    5    3    1   0.23665246E-032
 1.0501874000    5    4    1   0.14462578E-032
 1.0501874000    5    5    1   0.10809678E-031
 1.0501874000    5    6    1   0.34493197E-032
 1.0501874000    6    1    1   0.12929866E-032
 1.0501874000    6    2    1   0.50278864E-033
 1.0501874000    6    3    1   0.26745655E-035
 1.0501874000    6    4    1   0.24636368E-032
 1.0501874000    6    5    1   0.34493197E-032
 1.0501874000    6    6    1   0.59073768E-032
 1.0601874000    1    1    1   0.46913348E-032
 1.0601874000    1    2    1   0.11949055E-032
 1.0601874000    1    3    1   0.19009515E-032
 1.0601874000    1    4    1   0.39447834E-035
 1.0601874000    1    5    1   0.21191028E-032
 1.0601874000    1    6    1   0.12406931E-032
 1.0601874000    2    1    1   0.11949073E-032
 1.0601874000    2    2    1   0.74773641E-032
 1.0601874000    2    3    1   0.33829833E-032
 1.0601874000    2    4    1   0.25379183E-032
 1.0601874000    2    5    1   0.22082355E-035
 1.0601874000    2    6    1   0.48049305E-033
 1.0601874000    3    1    1   0.19009435E-032
 1.0601874000    3    2    1   0.33829618E-032
 1.0601874000    3    3    1   0.12207081E-031
 1.0601874000    3    4    1   0.15574394E-032
 1.0601874000    3    5    1   0.22412625E-032
 1.0601874000    3    6    1   0.29345145E-035
 1.0601874000    4    1    1   0.39447834E-035
 1.0601874000    4    2    1   0.25379183E-032
 1.0601874000    4    3    1   0.15574395E-032
 1.0601874000    4    4    1   0.38039129E-032
 1.0601874000    4    5    1   0.13996214E-032
 1.0601874000    4    6    1   0.23910610E-032
 1.0601874000    5    1    1   0.21191028E-032
 1.0601874000    5    2    1   0.22082355E-035
 1.0601874000    5    3    1   0.22412624E-032
 1.0601874000    5    4    1   0.13996214E-032
 1.0601874000    5    5    1   0.10818977E-031
 1.0601874000    5    6    1   0.34040133E-032
 1.0601874000    6    1    1   0.12406931E-032
 1.0601874000    6    2    1   0.48049306E-033
 1.0601874000    6    3    1   0.29345145E-035
 1.0601874000    6    4    1   0.23910610E-032
 1.0601874000    6    5    1   0.34040133E-032
 1.0601874000    6    6    1   0.60122917E-032
 1.0701874000    1    1    1   0.46275690E-032
 1.0701874000    1    2    1   0.11388057E-032
 1.0701874000    1    3    1   0.18532647E-032
 1.0701874000    1    4    1   0.43396937E-035
 1.0701874000    1    5    1   0.20732865E-032
 1.0701874000    1    6    1   0.11906085E-032
 1.0701874000    2    1    1   0.11388069E-032
 1.0701874000    2    2    1   0.75698398E-032
 1.0701874000    2    3    1   0.33401006E-032
 1.0701874000    2    4    1   0.24584210E-032
 1.0701874000    2    5    1   0.24242722E-035
 1.0701874000    2    6    1   0.45949370E-033
 1.0701874000    3    1    1   0.18532560E-032
 1.0701874000    3    2    1   0.33400843E-032
 1.0701874000    3    3    1   0.12147503E-031
 1.0701874000    3    4    1   0.15061326E-032
 1.0701874000    3    5    1   0.21214125E-032
 1.0701874000    3    6    1   0.32225964E-035
 1.0701874000    4    1    1   0.43396937E-035
 1.0701874000    4    2    1   0.24584210E-032
 1.0701874000    4    3    1   0.15061326E-032
 1.0701874000    4    4    1   0.39180575E-032
 1.0701874000    4    5    1   0.13552096E-032
 1.0701874000    4    6    1   0.23184191E-032
 1.0701874000    5    1    1   0.20732865E-032
 1.0701874000    5    2    1   0.24242722E-035
 1.0701874000    5    3    1   0.21214125E-032
 1.0701874000    5    4    1   0.13552096E-032
 1.0701874000    5    5    1   0.10818794E-031
 1.0701874000    5    6    1   0.33577112E-032
 1.0701874000    6    1    1   0.11906085E-032
 1.0701874000    6    2    1   0.45949370E-033
 1.0701874000    6    3    1   0.32225964E-035
 1.0701874000    6    4    1   0.23184191E-032
 1.0701874000    6    5    1   0.33577112E-032
 1.0701874000    6    6    1   0.61165924E-032
 1.0801874000    1    1    1   0.45620733E-032
 1.0801874000    1    2    1   0.10850921E-032
 1.0801874000    1    3    1   0.18065796E-032
 1.0801874000    1    4    1   0.47685325E-035
 1.0801874000    1    5    1   0.20279660E-032
 1.0801874000    1    6    1   0.11429020E-032
 1.0801874000    2    1    1   0.10850929E-032
 1.0801874000    2    2    1   0.76620918E-032
 1.0801874000    2    3    1   0.32956818E-032
 1.0801874000    2    4    1   0.23790882E-032
 1.0801874000    2    5    1   0.26632337E-035
 1.0801874000    2    6    1   0.43945195E-033
 1.0801874000    3    1    1   0.18065705E-032
 1.0801874000    3    2    1   0.32956700E-032
 1.0801874000    3    3    1   0.12077058E-031
 1.0801874000    3    4    1   0.14576134E-032
 1.0801874000    3    5    1   0.20068870E-032
 1.0801874000    3    6    1   0.35400815E-035
 1.0801874000    4    1    1   0.47685325E-035
 1.0801874000    4    2    1   0.23790882E-032
 1.0801874000    4    3    1   0.14576134E-032
 1.0801874000    4    4    1   0.40326885E-032
 1.0801874000    4    5    1   0.13127296E-032
 1.0801874000    4    6    1   0.22463423E-032
 1.0801874000    5    1    1   0.20279660E-032
 1.0801874000    5    2    1   0.26632337E-035
 1.0801874000    5    3    1   0.20068870E-032
 1.0801874000    5    4    1   0.13127296E-032
 1.0801874000    5    5    1   0.10810639E-031
 1.0801874000    5    6    1   0.33103318E-032
 1.0801874000    6    1    1   0.11429020E-032
 1.0801874000    6    2    1   0.43945194E-033
 1.0801874000    6    3    1   0.35400815E-035
 1.0801874000    6    4    1   0.22463423E-032
 1.0801874000    6    5    1   0.33103318E-032
 1.0801874000    6    6    1   0.62205475E-032
 1.0901874000    1    1    1   0.44950290E-032
 1.0901874000    1    2    1   0.10338102E-032
 1.0901874000    1    3    1   0.17608051E-032
 1.0901874000    1    4    1   0.52325987E-035
 1.0901874000    1    5    1   0.19830286E-032
 1.0901874000    1    6    1   0.10977036E-032
 1.0901874000    2    1    1   0.10338107E-032
 1.0901874000    2    2    1   0.77543630E-032
 1.0901874000    2    3    1   0.32494173E-032
 1.0901874000    2    4    1   0.23010220E-032
 1.0901874000    2    5    1   0.29260050E-035
 1.0901874000    2    6    1   0.42007810E-033
 1.0901874000    3    1    1   0.17607959E-032
 1.0901874000    3    2    1   0.32494091E-032
 1.0901874000    3    3    1   0.11998009E-031
 1.0901874000    3    4    1   0.14116477E-032
 1.0901874000    3    5    1   0.18975791E-032
 1.0901874000    3    6    1   0.38875352E-035
 1.0901874000    4    1    1   0.52325987E-035
 1.0901874000    4    2    1   0.23010219E-032
 1.0901874000    4    3    1   0.14116477E-032
 1.0901874000    4    4    1   0.41476247E-032
 1.0901874000    4    5    1   0.12718922E-032
 1.0901874000    4    6    1   0.21754820E-032
 1.0901874000    5    1    1   0.19830286E-032
 1.0901874000    5    2    1   0.29260050E-035
 1.0901874000    5    3    1   0.18975790E-032
 1.0901874000    5    4    1   0.12718922E-032
 1.0901874000    5    5    1   0.10795791E-031
 1.0901874000    5    6    1   0.32618643E-032
 1.0901874000    6    1    1   0.10977036E-032
 1.0901874000    6    2    1   0.42007808E-033
 1.0901874000    6    3    1   0.38875352E-035
 1.0901874000    6    4    1   0.21754820E-032
 1.0901874000    6    5    1   0.32618643E-032
 1.0901874000    6    6    1   0.63241255E-032
 1.1001874000    1    1    1   0.44264387E-032
 1.1001874000    1    2    1   0.98500221E-033
 1.1001874000    1    3    1   0.17158641E-032
 1.1001874000    1    4    1   0.57332127E-035
 1.1001874000    1    5    1   0.19383932E-032
 1.1001874000    1    6    1   0.10550980E-032
 1.1001874000    2    1    1   0.98500247E-033
 1.1001874000    2    2    1   0.78461676E-032
 1.1001874000    2    3    1   0.32011149E-032
 1.1001874000    2    4    1   0.22253055E-032
 1.1001874000    2    5    1   0.32129339E-035
 1.1001874000    2    6    1   0.40113671E-033
 1.1001874000    3    1    1   0.17158550E-032
 1.1001874000    3    2    1   0.32011095E-032
 1.1001874000    3    3    1   0.11912317E-031
 1.1001874000    3    4    1   0.13679701E-032
 1.1001874000    3    5    1   0.17933643E-032
 1.1001874000    3    6    1   0.42648179E-035
 1.1001874000    4    1    1   0.57332127E-035
 1.1001874000    4    2    1   0.22253055E-032
 1.1001874000    4    3    1   0.13679701E-032
 1.1001874000    4    4    1   0.42626373E-032
 1.1001874000    4    5    1   0.12324222E-032
 1.1001874000    4    6    1   0.21064802E-032
 1.1001874000    5    1    1   0.19383932E-032
 1.1001874000    5    2    1   0.32129339E-035
 1.1001874000    5    3    1   0.17933643E-032
 1.1001874000    5    4    1   0.12324222E-032
 1.1001874000    5    5    1   0.10775078E-031
 1.1001874000    5    6    1   0.32123777E-032
 1.1001874000    6    1    1   0.10550980E-032
 1.1001874000    6    2    1   0.40113669E-033
 1.1001874000    6    3    1   0.42648179E-035
 1.1001874000    6    4    1   0.21064802E-032
 1.1001874000    6    5    1   0.32123777E-032
 1.1001874000    6    6    1   0.64269654E-032
 1.1101874000    1    1    1   0.43561685E-032
 1.1101874000    1    2    1   0.93870233E-033
 1.1101874000    1    3    1   0.16716944E-032
 1.1101874000    1    4    1   0.62718534E-035
 1.1101874000    1    5    1   0.18940130E-032
 1.1101874000    1    6    1   0.10151210E-032
 1.1101874000    2    1    1   0.93870244E-033
 1.1101874000    2    2    1   0.79363337E-032
 1.1101874000    2    3    1   0.31507150E-032
 1.1101874000    2    4    1   0.21529570E-032
 1.1101874000    2    5    1   0.35238668E-035
 1.1101874000    2    6    1   0.38244952E-033
 1.1101874000    3    1    1   0.16716858E-032
 1.1101874000    3    2    1   0.31507118E-032
 1.1101874000    3    3    1   0.11821361E-031
 1.1101874000    3    4    1   0.13262960E-032
 1.1101874000    3    5    1   0.16941033E-032
 1.1101874000    3    6    1   0.46711806E-035
 1.1101874000    4    1    1   0.62718534E-035
 1.1101874000    4    2    1   0.21529570E-032
 1.1101874000    4    3    1   0.13262960E-032
 1.1101874000    4    4    1   0.43774588E-032
 1.1101874000    4    5    1   0.11940686E-032
 1.1101874000    4    6    1   0.20399420E-032
 1.1101874000    5    1    1   0.18940130E-032
 1.1101874000    5    2    1   0.35238668E-035
 1.1101874000    5    3    1   0.16941033E-032
 1.1101874000    5    4    1   0.11940686E-032
 1.1101874000    5    5    1   0.10748742E-031
 1.1101874000    5    6    1   0.31620273E-032
 1.1101874000    6    1    1   0.10151210E-032
 1.1101874000    6    2    1   0.38244950E-033
 1.1101874000    6    3    1   0.46711806E-035
 1.1101874000    6    4    1   0.20399420E-032
 1.1101874000    6    5    1   0.31620273E-032
 1.1101874000    6    6    1   0.65284016E-032
 1.1201874000    1    1    1   0.42840103E-032
 1.1201874000    1    2    1   0.89493201E-033
 1.1201874000    1    3    1   0.16282502E-032
 1.1201874000    1    4    1   0.68503206E-035
 1.1201874000    1    5    1   0.18498764E-032
 1.1201874000    1    6    1   0.97775926E-033
 1.1201874000    2    1    1   0.89493201E-033
 1.1201874000    2    2    1   0.80231573E-032
 1.1201874000    2    3    1   0.30982997E-032
 1.1201874000    2    4    1   0.20848868E-032
 1.1201874000    2    5    1   0.38582623E-035
 1.1201874000    2    6    1   0.36389578E-033
 1.1201874000    3    1    1   0.16282425E-032
 1.1201874000    3    2    1   0.30982982E-032
 1.1201874000    3    3    1   0.11725755E-031
 1.1201874000    3    4    1   0.12863340E-032
 1.1201874000    3    5    1   0.15996439E-032
 1.1201874000    3    6    1   0.51054630E-035
 1.1201874000    4    1    1   0.68503206E-035
 1.1201874000    4    2    1   0.20848868E-032
 1.1201874000    4    3    1   0.12863340E-032
 1.1201874000    4    4    1   0.44917971E-032
 1.1201874000    4    5    1   0.11566130E-032
 1.1201874000    4    6    1   0.19764124E-032
 1.1201874000    5    1    1   0.18498764E-032
 1.1201874000    5    2    1   0.38582623E-035
 1.1201874000    5    3    1   0.15996439E-032
 1.1201874000    5    4    1   0.11566130E-032
 1.1201874000    5    5    1   0.10716415E-031
 1.1201874000    5    6    1   0.31110572E-032
 1.1201874000    6    1    1   0.97775926E-033
 1.1201874000    6    2    1   0.36389575E-033
 1.1201874000    6    3    1   0.51054630E-035
 1.1201874000    6    4    1   0.19764124E-032
 1.1201874000    6    5    1   0.31110572E-032
 1.1201874000    6    6    1   0.66275390E-032
 1.1301874000    1    1    1   0.42097529E-032
 1.1301874000    1    2    1   0.85369570E-033
 1.1301874000    1    3    1   0.15855016E-032
 1.1301874000    1    4    1   0.74709081E-035
 1.1301874000    1    5    1   0.18060065E-032
 1.1301874000    1    6    1   0.94295053E-033
 1.1301874000    2    1    1   0.85369564E-033
 1.1301874000    2    2    1   0.81046453E-032
 1.1301874000    2    3    1   0.30440958E-032
 1.1301874000    2    4    1   0.20218600E-032
 1.1301874000    2    5    1   0.42153820E-035
 1.1301874000    2    6    1   0.34541035E-033
 1.1301874000    3    1    1   0.15854950E-032
 1.1301874000    3    2    1   0.30440955E-032
 1.1301874000    3    3    1   0.11625305E-031
 1.1301874000    3    4    1   0.12477982E-032
 1.1301874000    3    5    1   0.15098240E-032
 1.1301874000    3    6    1   0.55663885E-035
 1.1301874000    4    1    1   0.74709081E-035
 1.1301874000    4    2    1   0.20218600E-032
 1.1301874000    4    3    1   0.12477982E-032
 1.1301874000    4    4    1   0.46053543E-032
 1.1301874000    4    5    1   0.11198755E-032
 1.1301874000    4    6    1   0.19163547E-032
 1.1301874000    5    1    1   0.18060065E-032
 1.1301874000    5    2    1   0.42153820E-035
 1.1301874000    5    3    1   0.15098240E-032
 1.1301874000    5    4    1   0.11198755E-032
 1.1301874000    5    5    1   0.10677206E-031
 1.1301874000    5    6    1   0.30597978E-032
 1.1301874000    6    1    1   0.94295053E-033
 1.1301874000    6    2    1   0.34541032E-033
 1.1301874000    6    3    1   0.55663885E-035
 1.1301874000    6    4    1   0.19163547E-032
 1.1301874000    6    5    1   0.30597978E-032
 1.1301874000    6    6    1   0.67233714E-032
 1.1401874000    1    1    1   0.41332478E-032
 1.1401874000    1    2    1   0.81497671E-033
 1.1401874000    1    3    1   0.15434337E-032
 1.1401874000    1    4    1   0.81365698E-035
 1.1401874000    1    5    1   0.17624585E-032
 1.1401874000    1    6    1   0.91058626E-033
 1.1401874000    2    1    1   0.81497662E-033
 1.1401874000    2    2    1   0.81788121E-032
 1.1401874000    2    3    1   0.29884687E-032
 1.1401874000    2    4    1   0.19644640E-032
 1.1401874000    2    5    1   0.45945462E-035
 1.1401874000    2    6    1   0.32697968E-033
 1.1401874000    3    1    1   0.15434287E-032
 1.1401874000    3    2    1   0.29884691E-032
 1.1401874000    3    3    1   0.11519104E-031
 1.1401874000    3    4    1   0.12104198E-032
 1.1401874000    3    5    1   0.14244743E-032
 1.1401874000    3    6    1   0.60529377E-035
 1.1401874000    4    1    1   0.81365698E-035
 1.1401874000    4    2    1   0.19644640E-032
 1.1401874000    4    3    1   0.12104198E-032
 1.1401874000    4    4    1   0.47178481E-032
 1.1401874000    4    5    1   0.10837189E-032
 1.1401874000    4    6    1   0.18601332E-032
 1.1401874000    5    1    1   0.17624585E-032
 1.1401874000    5    2    1   0.45945462E-035
 1.1401874000    5    3    1   0.14244743E-032
 1.1401874000    5    4    1   0.10837189E-032
 1.1401874000    5    5    1   0.10629892E-031
 1.1401874000    5    6    1   0.30086580E-032
 1.1401874000    6    1    1   0.91058626E-033
 1.1401874000    6    2    1   0.32697966E-033
 1.1401874000    6    3    1   0.60529377E-035
 1.1401874000    6    4    1   0.18601332E-032
 1.1401874000    6    5    1   0.30086580E-032
 1.1401874000    6    6    1   0.68149247E-032
 1.1501874000    1    1    1   0.40544605E-032
 1.1501874000    1    2    1   0.77873345E-033
 1.1501874000    1    3    1   0.15020456E-032
 1.1501874000    1    4    1   0.88510602E-035
 1.1501874000    1    5    1   0.17193156E-032
 1.1501874000    1    6    1   0.88051468E-033
 1.1501874000    2    1    1   0.77873336E-033
 1.1501874000    2    2    1   0.82439831E-032
 1.1501874000    2    3    1   0.29319100E-032
 1.1501874000    2    4    1   0.19130829E-032
 1.1501874000    2    5    1   0.49954375E-035
 1.1501874000    2    6    1   0.30863604E-033
 1.1501874000    3    1    1   0.15020424E-032
 1.1501874000    3    2    1   0.29319108E-032
 1.1501874000    3    3    1   0.11405747E-031
 1.1501874000    3    4    1   0.11739572E-032
 1.1501874000    3    5    1   0.13434211E-032
 1.1501874000    3    6    1   0.65647701E-035
 1.1501874000    4    1    1   0.88510602E-035
 1.1501874000    4    2    1   0.19130829E-032
 1.1501874000    4    3    1   0.11739572E-032
 1.1501874000    4    4    1   0.48290313E-032
 1.1501874000    4    5    1   0.10480508E-032
 1.1501874000    4    6    1   0.18079973E-032
 1.1501874000    5    1    1   0.17193156E-032
 1.1501874000    5    2    1   0.49954375E-035
 1.1501874000    5    3    1   0.13434211E-032
 1.1501874000    5    4    1   0.10480508E-032
 1.1501874000    5    5    1   0.10573171E-031
 1.1501874000    5    6    1   0.29581113E-032
 1.1501874000    6    1    1   0.88051468E-033
 1.1501874000    6    2    1   0.30863601E-033
 1.1501874000    6    3    1   0.65647701E-035
 1.1501874000    6    4    1   0.18079973E-032
 1.1501874000    6    5    1   0.29581113E-032
 1.1501874000    6    6    1   0.69014048E-032
 1.1601874000    1    1    1   0.39734974E-032
 1.1601874000    1    2    1   0.74489628E-033
 1.1601874000    1    3    1   0.14613484E-032
 1.1601874000    1    4    1   0.96190287E-035
 1.1601874000    1    5    1   0.16766829E-032
 1.1601874000    1    6    1   0.85254494E-033
 1.1601874000    2    1    1   0.74489620E-033
 1.1601874000    2    2    1   0.82990576E-032
 1.1601874000    2    3    1   0.28750165E-032
 1.1601874000    2    4    1   0.18678779E-032
 1.1601874000    2    5    1   0.54184201E-035
 1.1601874000    2    6    1   0.29045022E-033
 1.1601874000    3    1    1   0.14613472E-032
 1.1601874000    3    2    1   0.28750175E-032
 1.1601874000    3    3    1   0.11283639E-031
 1.1601874000    3    4    1   0.11382045E-032
 1.1601874000    3    5    1   0.12664887E-032
 1.1601874000    3    6    1   0.71026535E-035
 1.1601874000    4    1    1   0.96190287E-035
 1.1601874000    4    2    1   0.18678779E-032
 1.1601874000    4    3    1   0.11382045E-032
 1.1601874000    4    4    1   0.49387088E-032
 1.1601874000    4    5    1   0.10128223E-032
 1.1601874000    4    6    1   0.17600692E-032
 1.1601874000    5    1    1   0.16766829E-032
 1.1601874000    5    2    1   0.54184201E-035
 1.1601874000    5    3    1   0.12664887E-032
 1.1601874000    5    4    1   0.10128223E-032
 1.1601874000    5    5    1   0.10505941E-031
 1.1601874000    5    6    1   0.29086760E-032
 1.1601874000    6    1    1   0.85254494E-033
 1.1601874000    6    2    1   0.29045020E-033
 1.1601874000    6    3    1   0.71026535E-035
 1.1601874000    6    4    1   0.17600692E-032
 1.1601874000    6    5    1   0.29086760E-032
 1.1601874000    6    6    1   0.69823253E-032
 1.1701874000    1    1    1   0.38906077E-032
 1.1701874000    1    2    1   0.71336547E-033
 1.1701874000    1    3    1   0.14213632E-032
 1.1701874000    1    4    1   0.10446052E-034
 1.1701874000    1    5    1   0.16346807E-032
 1.1701874000    1    6    1   0.82645233E-033
 1.1701874000    2    1    1   0.71336541E-033
 1.1701874000    2    2    1   0.83436883E-032
 1.1701874000    2    3    1   0.28184621E-032
 1.1701874000    2    4    1   0.18287767E-032
 1.1701874000    2    5    1   0.58648413E-035
 1.1701874000    2    6    1   0.27252330E-033
 1.1701874000    3    1    1   0.14213641E-032
 1.1701874000    3    2    1   0.28184631E-032
 1.1701874000    3    3    1   0.11151327E-031
 1.1701874000    3    4    1   0.11029975E-032
 1.1701874000    3    5    1   0.11935026E-032
 1.1701874000    3    6    1   0.76688538E-035
 1.1701874000    4    1    1   0.10446052E-034
 1.1701874000    4    2    1   0.18287768E-032
 1.1701874000    4    3    1   0.11029975E-032
 1.1701874000    4    4    1   0.50467470E-032
 1.1701874000    4    5    1   0.97802595E-033
 1.1701874000    4    6    1   0.17163345E-032
 1.1701874000    5    1    1   0.16346807E-032
 1.1701874000    5    2    1   0.58648413E-035
 1.1701874000    5    3    1   0.11935026E-032
 1.1701874000    5    4    1   0.97802596E-033
 1.1701874000    5    5    1   0.10427543E-031
 1.1701874000    5    6    1   0.28608898E-032
 1.1701874000    6    1    1   0.82645233E-033
 1.1701874000    6    2    1   0.27252328E-033
 1.1701874000    6    3    1   0.76688538E-035
 1.1701874000    6    4    1   0.17163345E-032
 1.1701874000    6    5    1   0.28608898E-032
 1.1701874000    6    6    1   0.70575949E-032
 1.1801874000    1    1    1   0.38061602E-032
 1.1801874000    1    2    1   0.68401071E-033
 1.1801874000    1    3    1   0.13821192E-032
 1.1801874000    1    4    1   0.11338599E-034
 1.1801874000    1    5    1   0.15934374E-032
 1.1801874000    1    6    1   0.80198478E-033
 1.1801874000    2    1    1   0.68401068E-033
 1.1801874000    2    2    1   0.83783497E-032
 1.1801874000    2    3    1   0.27629641E-032
 1.1801874000    2    4    1   0.17954721E-032
 1.1801874000    2    5    1   0.63372747E-035
 1.1801874000    2    6    1   0.25497763E-033
 1.1801874000    3    1    1   0.13821221E-032
 1.1801874000    3    2    1   0.27629648E-032
 1.1801874000    3    3    1   0.11007800E-031
 1.1801874000    3    4    1   0.10682173E-032
 1.1801874000    3    5    1   0.11242919E-032
 1.1801874000    3    6    1   0.82674340E-035
 1.1801874000    4    1    1   0.11338599E-034
 1.1801874000    4    2    1   0.17954721E-032
 1.1801874000    4    3    1   0.10682173E-032
 1.1801874000    4    4    1   0.51530756E-032
 1.1801874000    4    5    1   0.94369102E-033
 1.1801874000    4    6    1   0.16766367E-032
 1.1801874000    5    1    1   0.15934374E-032
 1.1801874000    5    2    1   0.63372747E-035
 1.1801874000    5    3    1   0.11242919E-032
 1.1801874000    5    4    1   0.94369102E-033
 1.1801874000    5    5    1   0.10337936E-031
 1.1801874000    5    6    1   0.28152794E-032
 1.1801874000    6    1    1   0.80198478E-033
 1.1801874000    6    2    1   0.25497762E-033
 1.1801874000    6    3    1   0.82674340E-035
 1.1801874000    6    4    1   0.16766367E-032
 1.1801874000    6    5    1   0.28152794E-032
 1.1801874000    6    6    1   0.71275481E-032
 1.1901874000    1    1    1   0.37206012E-032
 1.1901874000    1    2    1   0.65667267E-033
 1.1901874000    1    3    1   0.13436514E-032
 1.1901874000    1    4    1   0.12303915E-034
 1.1901874000    1    5    1   0.15530819E-032
 1.1901874000    1    6    1   0.77887065E-033
 1.1901874000    2    1    1   0.65667267E-033
 1.1901874000    2    2    1   0.84042805E-032
 1.1901874000    2    3    1   0.27092438E-032
 1.1901874000    2    4    1   0.17674299E-032
 1.1901874000    2    5    1   0.68396697E-035
 1.1901874000    2    6    1   0.23794767E-033
 1.1901874000    3    1    1   0.13436562E-032
 1.1901874000    3    2    1   0.27092443E-032
 1.1901874000    3    3    1   0.10852723E-031
 1.1901874000    3    4    1   0.10337920E-032
 1.1901874000    3    5    1   0.10586913E-032
 1.1901874000    3    6    1   0.89044158E-035
 1.1901874000    4    1    1   0.12303915E-034
 1.1901874000    4    2    1   0.17674300E-032
 1.1901874000    4    3    1   0.10337920E-032
 1.1901874000    4    4    1   0.52576806E-032
 1.1901874000    4    5    1   0.90987746E-033
 1.1901874000    4    6    1   0.16406775E-032
 1.1901874000    5    1    1   0.15530819E-032
 1.1901874000    5    2    1   0.68396697E-035
 1.1901874000    5    3    1   0.10586913E-032
 1.1901874000    5    4    1   0.90987746E-033
 1.1901874000    5    5    1   0.10237759E-031
 1.1901874000    5    6    1   0.27723277E-032
 1.1901874000    6    1    1   0.77887065E-033
 1.1901874000    6    2    1   0.23794765E-033
 1.1901874000    6    3    1   0.89044158E-035
 1.1901874000    6    4    1   0.16406775E-032
 1.1901874000    6    5    1   0.27723277E-032
 1.1901874000    6    6    1   0.71929125E-032
 1.2001874000    1    1    1   0.36344028E-032
 1.2001874000    1    2    1   0.63116669E-033
 1.2001874000    1    3    1   0.13059989E-032
 1.2001874000    1    4    1   0.13349852E-034
 1.2001874000    1    5    1   0.15137364E-032
 1.2001874000    1    6    1   0.75682814E-033
 1.2001874000    2    1    1   0.63116673E-033
 1.2001874000    2    2    1   0.84233093E-032
 1.2001874000    2    3    1   0.26579863E-032
 1.2001874000    2    4    1   0.17439088E-032
 1.2001874000    2    5    1   0.73773766E-035
 1.2001874000    2    6    1   0.22157097E-033
 1.2001874000    3    1    1   0.13060053E-032
 1.2001874000    3    2    1   0.26579864E-032
 1.2001874000    3    3    1   0.10686547E-031
 1.2001874000    3    4    1   0.99969548E-033
 1.2001874000    3    5    1   0.99654323E-033
 1.2001874000    3    6    1   0.95877673E-035
 1.2001874000    4    1    1   0.13349852E-034
 1.2001874000    4    2    1   0.17439088E-032
 1.2001874000    4    3    1   0.99969548E-033
 1.2001874000    4    4    1   0.53605885E-032
 1.2001874000    4    5    1   0.87666910E-033
 1.2001874000    4    6    1   0.16080234E-032
 1.2001874000    5    1    1   0.15137364E-032
 1.2001874000    5    2    1   0.73773766E-035
 1.2001874000    5    3    1   0.99654323E-033
 1.2001874000    5    4    1   0.87666911E-033
 1.2001874000    5    5    1   0.10128277E-031
 1.2001874000    5    6    1   0.27324393E-032
 1.2001874000    6    1    1   0.75682814E-033
 1.2001874000    6    2    1   0.22157096E-033
 1.2001874000    6    3    1   0.95877673E-035
 1.2001874000    6    4    1   0.16080234E-032
 1.2001874000    6    5    1   0.27324393E-032
 1.2001874000    6    6    1   0.72547140E-032
 1.2101874000    1    1    1   0.35480105E-032
 1.2101874000    1    2    1   0.60728882E-033
 1.2101874000    1    3    1   0.12692030E-032
 1.2101874000    1    4    1   0.14484640E-034
 1.2101874000    1    5    1   0.14755106E-032
 1.2101874000    1    6    1   0.73557589E-033
 1.2101874000    2    1    1   0.60728889E-033
 1.2101874000    2    2    1   0.84375876E-032
 1.2101874000    2    3    1   0.26097990E-032
 1.2101874000    2    4    1   0.17239910E-032
 1.2101874000    2    5    1   0.79570287E-035
 1.2101874000    2    6    1   0.20597988E-033
 1.2101874000    3    1    1   0.12692108E-032
 1.2101874000    3    2    1   0.26097987E-032
 1.2101874000    3    3    1   0.10510479E-031
 1.2101874000    3    4    1   0.96594420E-033
 1.2101874000    3    5    1   0.93769938E-033
 1.2101874000    3    6    1   0.10327192E-034
 1.2101874000    4    1    1   0.14484640E-034
 1.2101874000    4    2    1   0.17239910E-032
 1.2101874000    4    3    1   0.96594420E-033
 1.2101874000    4    4    1   0.54618436E-032
 1.2101874000    4    5    1   0.84416618E-033
 1.2101874000    4    6    1   0.15781200E-032
 1.2101874000    5    1    1   0.14755106E-032
 1.2101874000    5    2    1   0.79570287E-035
 1.2101874000    5    3    1   0.93769938E-033
 1.2101874000    5    4    1   0.84416618E-033
 1.2101874000    5    5    1   0.10011214E-031
 1.2101874000    5    6    1   0.26959082E-032
 1.2101874000    6    1    1   0.73557590E-033
 1.2101874000    6    2    1   0.20597987E-033
 1.2101874000    6    3    1   0.10327192E-034
 1.2101874000    6    4    1   0.15781200E-032
 1.2101874000    6    5    1   0.26959082E-032
 1.2101874000    6    6    1   0.73141323E-032
 1.2201874000    1    1    1   0.34617986E-032
 1.2201874000    1    2    1   0.58482370E-033
 1.2201874000    1    3    1   0.12333055E-032
 1.2201874000    1    4    1   0.15716638E-034
 1.2201874000    1    5    1   0.14384963E-032
 1.2201874000    1    6    1   0.71484462E-033
 1.2201874000    2    1    1   0.58482380E-033
 1.2201874000    2    2    1   0.84492723E-032
 1.2201874000    2    3    1   0.25651738E-032
 1.2201874000    2    4    1   0.17066232E-032
 1.2201874000    2    5    1   0.85862794E-035
 1.2201874000    2    6    1   0.19129415E-033
 1.2201874000    3    1    1   0.12333141E-032
 1.2201874000    3    2    1   0.25651731E-032
 1.2201874000    3    3    1   0.10326340E-031
 1.2201874000    3    4    1   0.93259253E-033
 1.2201874000    3    5    1   0.88202129E-033
 1.2201874000    3    6    1   0.11133717E-034
 1.2201874000    4    1    1   0.15716638E-034
 1.2201874000    4    2    1   0.17066233E-032
 1.2201874000    4    3    1   0.93259254E-033
 1.2201874000    4    4    1   0.55614820E-032
 1.2201874000    4    5    1   0.81247778E-033
 1.2201874000    4    6    1   0.15503153E-032
 1.2201874000    5    1    1   0.14384963E-032
 1.2201874000    5    2    1   0.85862794E-035
 1.2201874000    5    3    1   0.88202129E-033
 1.2201874000    5    4    1   0.81247778E-033
 1.2201874000    5    5    1   0.98885070E-032
 1.2201874000    5    6    1   0.26628895E-032
 1.2201874000    6    1    1   0.71484462E-033
 1.2201874000    6    2    1   0.19129414E-033
 1.2201874000    6    3    1   0.11133717E-034
 1.2201874000    6    4    1   0.15503153E-032
 1.2201874000    6    5    1   0.26628895E-032
 1.2201874000    6    6    1   0.73723271E-032
 1.2301874000    1    1    1   0.33760411E-032
 1.2301874000    1    2    1   0.56355381E-033
 1.2301874000    1    3    1   0.11983468E-032
 1.2301874000    1    4    1   0.17054084E-034
 1.2301874000    1    5    1   0.14027637E-032
 1.2301874000    1    6    1   0.69438894E-033
 1.2301874000    2    1    1   0.56355394E-033
 1.2301874000    2    2    1   0.84602040E-032
 1.2301874000    2    3    1   0.25244556E-032
 1.2301874000    2    4    1   0.16906676E-032
 1.2301874000    2    5    1   0.92734091E-035
 1.2301874000    2    6    1   0.17761496E-033
 1.2301874000    3    1    1   0.11983560E-032
 1.2301874000    3    2    1   0.25244546E-032
 1.2301874000    3    3    1   0.10136313E-031
 1.2301874000    3    4    1   0.89972633E-033
 1.2301874000    3    5    1   0.82938077E-033
 1.2301874000    3    6    1   0.12019101E-034
 1.2301874000    4    1    1   0.17054084E-034
 1.2301874000    4    2    1   0.16906676E-032
 1.2301874000    4    3    1   0.89972634E-033
 1.2301874000    4    4    1   0.56595045E-032
 1.2301874000    4    5    1   0.78171476E-033
 1.2301874000    4    6    1   0.15238903E-032
 1.2301874000    5    1    1   0.14027637E-032
 1.2301874000    5    2    1   0.92734091E-035
 1.2301874000    5    3    1   0.82938075E-033
 1.2301874000    5    4    1   0.78171476E-033
 1.2301874000    5    5    1   0.97620211E-032
 1.2301874000    5    6    1   0.26333793E-032
 1.2301874000    6    1    1   0.69438894E-033
 1.2301874000    6    2    1   0.17761495E-033
 1.2301874000    6    3    1   0.12019101E-034
 1.2301874000    6    4    1   0.15238903E-032
 1.2301874000    6    5    1   0.26333793E-032
 1.2301874000    6    6    1   0.74302596E-032
 1.2401874000    1    1    1   0.32909006E-032
 1.2401874000    1    2    1   0.54326927E-033
 1.2401874000    1    3    1   0.11643646E-032
 1.2401874000    1    4    1   0.18504876E-034
 1.2401874000    1    5    1   0.13683596E-032
 1.2401874000    1    6    1   0.67399867E-033
 1.2401874000    2    1    1   0.54326942E-033
 1.2401874000    2    2    1   0.84716330E-032
 1.2401874000    2    3    1   0.24878188E-032
 1.2401874000    2    4    1   0.16749579E-032
 1.2401874000    2    5    1   0.10026837E-034
 1.2401874000    2    6    1   0.16502050E-033
 1.2401874000    3    1    1   0.11643739E-032
 1.2401874000    3    2    1   0.24878175E-032
 1.2401874000    3    3    1   0.99426485E-032
 1.2401874000    3    4    1   0.86745556E-033
 1.2401874000    3    5    1   0.77965943E-033
 1.2401874000    3    6    1   0.12995106E-034
 1.2401874000    4    1    1   0.18504876E-034
 1.2401874000    4    2    1   0.16749579E-032
 1.2401874000    4    3    1   0.86745557E-033
 1.2401874000    4    4    1   0.57558538E-032
 1.2401874000    4    5    1   0.75198326E-033
 1.2401874000    4    6    1   0.14980968E-032
 1.2401874000    5    1    1   0.13683596E-032
 1.2401874000    5    2    1   0.10026837E-034
 1.2401874000    5    3    1   0.77965941E-033
 1.2401874000    5    4    1   0.75198326E-033
 1.2401874000    5    5    1   0.96332740E-032
 1.2401874000    5    6    1   0.26072039E-032
 1.2401874000    6    1    1   0.67399867E-033
 1.2401874000    6    2    1   0.16502049E-033
 1.2401874000    6    3    1   0.12995106E-034
 1.2401874000    6    4    1   0.14980968E-032
 1.2401874000    6    5    1   0.26072039E-032
 1.2401874000    6    6    1   0.74885371E-032
 1.2501874000    1    1    1   0.32064356E-032
 1.2501874000    1    2    1   0.52377724E-033
 1.2501874000    1    3    1   0.11313919E-032
 1.2501874000    1    4    1   0.20076406E-034
 1.2501874000    1    5    1   0.13353058E-032
 1.2501874000    1    6    1   0.65350863E-033
 1.2501874000    2    1    1   0.52377740E-033
 1.2501874000    2    2    1   0.84840339E-032
 1.2501874000    2    3    1   0.24552544E-032
 1.2501874000    2    4    1   0.16583603E-032
 1.2501874000    2    5    1   0.10854585E-034
 1.2501874000    2    6    1   0.15356317E-033
 1.2501874000    3    1    1   0.11314010E-032
 1.2501874000    3    2    1   0.24552529E-032
 1.2501874000    3    3    1   0.97473539E-032
 1.2501874000    3    4    1   0.83590637E-033
 1.2501874000    3    5    1   0.73274775E-033
 1.2501874000    3    6    1   0.14072696E-034
 1.2501874000    4    1    1   0.20076406E-034
 1.2501874000    4    2    1   0.16583604E-032
 1.2501874000    4    3    1   0.83590638E-033
 1.2501874000    4    4    1   0.58503981E-032
 1.2501874000    4    5    1   0.72337923E-033
 1.2501874000    4    6    1   0.14721998E-032
 1.2501874000    5    1    1   0.13353058E-032
 1.2501874000    5    2    1   0.10854585E-034
 1.2501874000    5    3    1   0.73274773E-033
 1.2501874000    5    4    1   0.72337923E-033
 1.2501874000    5    5    1   0.95032239E-032
 1.2501874000    5    6    1   0.25840211E-032
 1.2501874000    6    1    1   0.65350863E-033
 1.2501874000    6    2    1   0.15356316E-033
 1.2501874000    6    3    1   0.14072696E-034
 1.2501874000    6    4    1   0.14721998E-032
 1.2501874000    6    5    1   0.25840210E-032
 1.2501874000    6    6    1   0.75473043E-032
 1.2601874000    1    1    1   0.31226231E-032
 1.2601874000    1    2    1   0.50491003E-033
 1.2601874000    1    3    1   0.10994557E-032
 1.2601874000    1    4    1   0.21775487E-034
 1.2601874000    1    5    1   0.13035999E-032
 1.2601874000    1    6    1   0.63280602E-033
 1.2601874000    2    1    1   0.50491018E-033
 1.2601874000    2    2    1   0.84970377E-032
 1.2601874000    2    3    1   0.24265701E-032
 1.2601874000    2    4    1   0.16398327E-032
 1.2601874000    2    5    1   0.11763765E-034
 1.2601874000    2    6    1   0.14326855E-033
 1.2601874000    3    1    1   0.10994642E-032
 1.2601874000    3    2    1   0.24265685E-032
 1.2601874000    3    3    1   0.95519483E-032
 1.2601874000    3    4    1   0.80521295E-033
 1.2601874000    3    5    1   0.68854355E-033
 1.2601874000    3    6    1   0.15261259E-034
 1.2601874000    4    1    1   0.21775487E-034
 1.2601874000    4    2    1   0.16398328E-032
 1.2601874000    4    3    1   0.80521297E-033
 1.2601874000    4    4    1   0.59429246E-032
 1.2601874000    4    5    1   0.69598404E-033
 1.2601874000    4    6    1   0.14455204E-032
 1.2601874000    5    1    1   0.13035999E-032
 1.2601874000    5    2    1   0.11763765E-034
 1.2601874000    5    3    1   0.68854352E-033
 1.2601874000    5    4    1   0.69598404E-033
 1.2601874000    5    5    1   0.93721539E-032
 1.2601874000    5    6    1   0.25633334E-032
 1.2601874000    6    1    1   0.63280602E-033
 1.2601874000    6    2    1   0.14326854E-033
 1.2601874000    6    3    1   0.15261259E-034
 1.2601874000    6    4    1   0.14455203E-032
 1.2601874000    6    5    1   0.25633334E-032
 1.2601874000    6    6    1   0.76062000E-032
 1.2701874000    1    1    1   0.30393913E-032
 1.2701874000    1    2    1   0.48653113E-033
 1.2701874000    1    3    1   0.10685755E-032
 1.2701874000    1    4    1   0.23608368E-034
 1.2701874000    1    5    1   0.12732156E-032
 1.2701874000    1    6    1   0.61183468E-033
 1.2701874000    2    1    1   0.48653129E-033
 1.2701874000    2    2    1   0.85094933E-032
 1.2701874000    2    3    1   0.24014010E-032
 1.2701874000    2    4    1   0.16184799E-032
 1.2701874000    2    5    1   0.12760151E-034
 1.2701874000    2    6    1   0.13413583E-033
 1.2701874000    3    1    1   0.10685831E-032
 1.2701874000    3    2    1   0.24013993E-032
 1.2701874000    3    3    1   0.93572974E-032
 1.2701874000    3    4    1   0.77550963E-033
 1.2701874000    3    5    1   0.64695006E-033
 1.2701874000    3    6    1   0.16567929E-034
 1.2701874000    4    1    1   0.23608368E-034
 1.2701874000    4    2    1   0.16184800E-032
 1.2701874000    4    3    1   0.77550965E-033
 1.2701874000    4    4    1   0.60331445E-032
 1.2701874000    4    5    1   0.66986122E-033
 1.2701874000    4    6    1   0.14174772E-032
 1.2701874000    5    1    1   0.12732156E-032
 1.2701874000    5    2    1   0.12760151E-034
 1.2701874000    5    3    1   0.64695002E-033
 1.2701874000    5    4    1   0.66986122E-033
 1.2701874000    5    5    1   0.92396753E-032
 1.2701874000    5    6    1   0.25445140E-032
 1.2701874000    6    1    1   0.61183468E-033
 1.2701874000    6    2    1   0.13413582E-033
 1.2701874000    6    3    1   0.16567929E-034
 1.2701874000    6    4    1   0.14174771E-032
 1.2701874000    6    5    1   0.25445140E-032
 1.2701874000    6    6    1   0.76643890E-032
 1.2801874000    1    1    1   0.29566556E-032
 1.2801874000    1    2    1   0.46853883E-033
 1.2801874000    1    3    1   0.10387619E-032
 1.2801874000    1    4    1   0.25580870E-034
 1.2801874000    1    5    1   0.12441047E-032
 1.2801874000    1    6    1   0.59059580E-033
 1.2801874000    2    1    1   0.46853898E-033
 1.2801874000    2    2    1   0.85196488E-032
 1.2801874000    2    3    1   0.23792320E-032
 1.2801874000    2    4    1   0.15935996E-032
 1.2801874000    2    5    1   0.13847904E-034
 1.2801874000    2    6    1   0.12613955E-033
 1.2801874000    3    1    1   0.10387683E-032
 1.2801874000    3    2    1   0.23792304E-032
 1.2801874000    3    3    1   0.91635656E-032
 1.2801874000    3    4    1   0.74692341E-033
 1.2801874000    3    5    1   0.60787378E-033
 1.2801874000    3    6    1   0.17997136E-034
 1.2801874000    4    1    1   0.25580870E-034
 1.2801874000    4    2    1   0.15935997E-032
 1.2801874000    4    3    1   0.74692343E-033
 1.2801874000    4    4    1   0.61207096E-032
 1.2801874000    4    5    1   0.64505434E-033
 1.2801874000    4    6    1   0.13876212E-032
 1.2801874000    5    1    1   0.12441047E-032
 1.2801874000    5    2    1   0.13847904E-034
 1.2801874000    5    3    1   0.60787374E-033
 1.2801874000    5    4    1   0.64505434E-033
 1.2801874000    5    5    1   0.91048462E-032
 1.2801874000    5    6    1   0.25268419E-032
 1.2801874000    6    1    1   0.59059580E-033
 1.2801874000    6    2    1   0.12613954E-033
 1.2801874000    6    3    1   0.17997136E-034
 1.2801874000    6    4    1   0.13876211E-032
 1.2801874000    6    5    1   0.25268418E-032
 1.2801874000    6    6    1   0.77206656E-032
 1.2901874000    1    1    1   0.28743511E-032
 1.2901874000    1    2    1   0.45086688E-033
 1.2901874000    1    3    1   0.10100162E-032
 1.2901874000    1    4    1   0.27698634E-034
 1.2901874000    1    5    1   0.12161996E-032
 1.2901874000    1    6    1   0.56914478E-033
 1.2901874000    2    1    1   0.45086703E-033
 1.2901874000    2    2    1   0.85254253E-032
 1.2901874000    2    3    1   0.23594298E-032
 1.2901874000    2    4    1   0.15647169E-032
 1.2901874000    2    5    1   0.15029520E-034
 1.2901874000    2    6    1   0.11923244E-033
 1.2901874000    3    1    1   0.10100214E-032
 1.2901874000    3    2    1   0.23594283E-032
 1.2901874000    3    3    1   0.89702847E-032
 1.2901874000    3    4    1   0.71956736E-033
 1.2901874000    3    5    1   0.57122222E-033
 1.2901874000    3    6    1   0.19550436E-034
 1.2901874000    4    1    1   0.27698634E-034
 1.2901874000    4    2    1   0.15647171E-032
 1.2901874000    4    3    1   0.71956738E-033
 1.2901874000    4    4    1   0.62052388E-032
 1.2901874000    4    5    1   0.62158584E-033
 1.2901874000    4    6    1   0.13556622E-032
 1.2901874000    5    1    1   0.12161996E-032
 1.2901874000    5    2    1   0.15029520E-034
 1.2901874000    5    3    1   0.57122217E-033
 1.2901874000    5    4    1   0.62158584E-033
 1.2901874000    5    5    1   0.89663876E-032
 1.2901874000    5    6    1   0.25095444E-032
 1.2901874000    6    1    1   0.56914479E-033
 1.2901874000    6    2    1   0.11923243E-033
 1.2901874000    6    3    1   0.19550436E-034
 1.2901874000    6    4    1   0.13556621E-032
 1.2901874000    6    5    1   0.25095443E-032
 1.2901874000    6    6    1   0.77736175E-032
 1.3001874000    1    1    1   0.27924582E-032
 1.3001874000    1    2    1   0.43348274E-033
 1.3001874000    1    3    1   0.98232994E-033
 1.3001874000    1    4    1   0.29967473E-034
 1.3001874000    1    5    1   0.11894152E-032
 1.3001874000    1    6    1   0.54758468E-033
 1.3001874000    2    1    1   0.43348288E-033
 1.3001874000    2    2    1   0.85247419E-032
 1.3001874000    2    3    1   0.23412798E-032
 1.3001874000    2    4    1   0.15316050E-032
 1.3001874000    2    5    1   0.16306026E-034
 1.3001874000    2    6    1   0.11334879E-033
 1.3001874000    3    1    1   0.98233360E-033
 1.3001874000    3    2    1   0.23412785E-032
 1.3001874000    3    3    1   0.87765234E-032
 1.3001874000    3    4    1   0.69353498E-033
 1.3001874000    3    5    1   0.53690161E-033
 1.3001874000    3    6    1   0.21226726E-034
 1.3001874000    4    1    1   0.29967473E-034
 1.3001874000    4    2    1   0.15316052E-032
 1.3001874000    4    3    1   0.69353501E-033
 1.3001874000    4    4    1   0.62863508E-032
 1.3001874000    4    5    1   0.59945673E-033
 1.3001874000    4    6    1   0.13214828E-032
 1.3001874000    5    1    1   0.11894152E-032
 1.3001874000    5    2    1   0.16306026E-034
 1.3001874000    5    3    1   0.53690156E-033
 1.3001874000    5    4    1   0.59945673E-033
 1.3001874000    5    5    1   0.88229557E-032
 1.3001874000    5    6    1   0.24918437E-032
 1.3001874000    6    1    1   0.54758469E-033
 1.3001874000    6    2    1   0.11334877E-033
 1.3001874000    6    3    1   0.21226726E-034
 1.3001874000    6    4    1   0.13214826E-032
 1.3001874000    6    5    1   0.24918437E-032
 1.3001874000    6    6    1   0.78218268E-032
 1.3101874000    1    1    1   0.27110155E-032
 1.3101874000    1    2    1   0.41638341E-033
 1.3101874000    1    3    1   0.95568437E-033
 1.3101874000    1    4    1   0.32393821E-034
 1.3101874000    1    5    1   0.11636521E-032
 1.3101874000    1    6    1   0.52605653E-033
 1.3101874000    2    1    1   0.41638355E-033
 1.3101874000    2    2    1   0.85158423E-032
 1.3101874000    2    3    1   0.23240271E-032
 1.3101874000    2    4    1   0.14942893E-032
 1.3101874000    2    5    1   0.17677441E-034
 1.3101874000    2    6    1   0.10840817E-033
 1.3101874000    3    1    1   0.95568649E-033
 1.3101874000    3    2    1   0.23240261E-032
 1.3101874000    3    3    1   0.85811238E-032
 1.3101874000    3    4    1   0.66889568E-033
 1.3101874000    3    5    1   0.50481496E-033
 1.3101874000    3    6    1   0.23022843E-034
 1.3101874000    4    1    1   0.32393821E-034
 1.3101874000    4    2    1   0.14942896E-032
 1.3101874000    4    3    1   0.66889571E-033
 1.3101874000    4    4    1   0.63636994E-032
 1.3101874000    4    5    1   0.57864695E-033
 1.3101874000    4    6    1   0.12851404E-032
 1.3101874000    5    1    1   0.11636521E-032
 1.3101874000    5    2    1   0.17677441E-034
 1.3101874000    5    3    1   0.50481490E-033
 1.3101874000    5    4    1   0.57864695E-033
 1.3101874000    5    5    1   0.86734247E-032
 1.3101874000    5    6    1   0.24730026E-032
 1.3101874000    6    1    1   0.52605653E-033
 1.3101874000    6    2    1   0.10840816E-033
 1.3101874000    6    3    1   0.23022843E-034
 1.3101874000    6    4    1   0.12851402E-032
 1.3101874000    6    5    1   0.24730025E-032
 1.3101874000    6    6    1   0.78640810E-032
 1.3201874000    1    1    1   0.26301219E-032
 1.3201874000    1    2    1   0.39958981E-033
 1.3201874000    1    3    1   0.93005130E-033
 1.3201874000    1    4    1   0.34985228E-034
 1.3201874000    1    5    1   0.11387993E-032
 1.3201874000    1    6    1   0.50472757E-033
 1.3201874000    2    1    1   0.39958994E-033
 1.3201874000    2    2    1   0.84975746E-032
 1.3201874000    2    3    1   0.23069170E-032
 1.3201874000    2    4    1   0.14530380E-032
 1.3201874000    2    5    1   0.19143481E-034
 1.3201874000    2    6    1   0.10431917E-033
 1.3201874000    3    1    1   0.93005179E-033
 1.3201874000    3    2    1   0.23069165E-032
 1.3201874000    3    3    1   0.83829622E-032
 1.3201874000    3    4    1   0.64569145E-033
 1.3201874000    3    5    1   0.47486034E-033
 1.3201874000    3    6    1   0.24934554E-034
 1.3201874000    4    1    1   0.34985228E-034
 1.3201874000    4    2    1   0.14530383E-032
 1.3201874000    4    3    1   0.64569148E-033
 1.3201874000    4    4    1   0.64370069E-032
 1.3201874000    4    5    1   0.55911639E-033
 1.3201874000    4    6    1   0.12468571E-032
 1.3201874000    5    1    1   0.11387993E-032
 1.3201874000    5    2    1   0.19143481E-034
 1.3201874000    5    3    1   0.47486028E-033
 1.3201874000    5    4    1   0.55911639E-033
 1.3201874000    5    5    1   0.85171299E-032
 1.3201874000    5    6    1   0.24523661E-032
 1.3201874000    6    1    1   0.50472757E-033
 1.3201874000    6    2    1   0.10431916E-033
 1.3201874000    6    3    1   0.24934554E-034
 1.3201874000    6    4    1   0.12468568E-032
 1.3201874000    6    5    1   0.24523660E-032
 1.3201874000    6    6    1   0.78995611E-032
 1.3301874000    1    1    1   0.25499264E-032
 1.3301874000    1    2    1   0.38314006E-033
 1.3301874000    1    3    1   0.90539342E-033
 1.3301874000    1    4    1   0.37750880E-034
 1.3301874000    1    5    1   0.11147377E-032
 1.3301874000    1    6    1   0.48377827E-033
 1.3301874000    2    1    1   0.38314018E-033
 1.3301874000    2    2    1   0.84695809E-032
 1.3301874000    2    3    1   0.22892323E-032
 1.3301874000    2    4    1   0.14083376E-032
 1.3301874000    2    5    1   0.20704462E-034
 1.3301874000    2    6    1   0.10098280E-033
 1.3301874000    3    1    1   0.90539224E-033
 1.3301874000    3    2    1   0.22892323E-032
 1.3301874000    3    3    1   0.81811889E-032
 1.3301874000    3    4    1   0.62393481E-033
 1.3301874000    3    5    1   0.44692976E-033
 1.3301874000    3    6    1   0.26957879E-034
 1.3301874000    4    1    1   0.37750880E-034
 1.3301874000    4    2    1   0.14083381E-032
 1.3301874000    4    3    1   0.62393485E-033
 1.3301874000    4    4    1   0.65060878E-032
 1.3301874000    4    5    1   0.54080623E-033
 1.3301874000    4    6    1   0.12069977E-032
 1.3301874000    5    1    1   0.11147377E-032
 1.3301874000    5    2    1   0.20704462E-034
 1.3301874000    5    3    1   0.44692970E-033
 1.3301874000    5    4    1   0.54080623E-033
 1.3301874000    5    5    1   0.83540300E-032
 1.3301874000    5    6    1   0.24293960E-032
 1.3301874000    6    1    1   0.48377827E-033
 1.3301874000    6    2    1   0.10098278E-033
 1.3301874000    6    3    1   0.26957879E-034
 1.3301874000    6    4    1   0.12069973E-032
 1.3301874000    6    5    1   0.24293959E-032
 1.3301874000    6    6    1   0.79279803E-032
 1.3401874000    1    1    1   0.24706108E-032
 1.3401874000    1    2    1   0.36708269E-033
 1.3401874000    1    3    1   0.88166522E-033
 1.3401874000    1    4    1   0.40702084E-034
 1.3401874000    1    5    1   0.10913430E-032
 1.3401874000    1    6    1   0.46338931E-033
 1.3401874000    2    1    1   0.36708281E-033
 1.3401874000    2    2    1   0.84323689E-032
 1.3401874000    2    3    1   0.22703252E-032
 1.3401874000    2    4    1   0.13608579E-032
 1.3401874000    2    5    1   0.22362297E-034
 1.3401874000    2    6    1   0.98295430E-034
 1.3401874000    3    1    1   0.88166233E-033
 1.3401874000    3    2    1   0.22703261E-032
 1.3401874000    3    3    1   0.79754078E-032
 1.3401874000    3    4    1   0.60360794E-033
 1.3401874000    3    5    1   0.42090854E-033
 1.3401874000    3    6    1   0.29090634E-034
 1.3401874000    4    1    1   0.40702084E-034
 1.3401874000    4    2    1   0.13608585E-032
 1.3401874000    4    3    1   0.60360797E-033
 1.3401874000    4    4    1   0.65708626E-032
 1.3401874000    4    5    1   0.52364077E-033
 1.3401874000    4    6    1   0.11660392E-032
 1.3401874000    5    1    1   0.10913430E-032
 1.3401874000    5    2    1   0.22362297E-034
 1.3401874000    5    3    1   0.42090848E-033
 1.3401874000    5    4    1   0.52364077E-033
 1.3401874000    5    5    1   0.81847616E-032
 1.3401874000    5    6    1   0.24036962E-032
 1.3401874000    6    1    1   0.46338931E-033
 1.3401874000    6    2    1   0.98295415E-034
 1.3401874000    6    3    1   0.29090634E-034
 1.3401874000    6    4    1   0.11660387E-032
 1.3401874000    6    5    1   0.24036960E-032
 1.3401874000    6    6    1   0.79496491E-032
 1.3501874000    1    1    1   0.23923684E-032
 1.3501874000    1    2    1   0.35147024E-033
 1.3501874000    1    3    1   0.85881395E-033
 1.3501874000    1    4    1   0.43852661E-034
 1.3501874000    1    5    1   0.10684897E-032
 1.3501874000    1    6    1   0.44372941E-033
 1.3501874000    2    1    1   0.35147035E-033
 1.3501874000    2    2    1   0.83872558E-032
 1.3501874000    2    3    1   0.22496428E-032
 1.3501874000    2    4    1   0.13114078E-032
 1.3501874000    2    5    1   0.24121493E-034
 1.3501874000    2    6    1   0.96151298E-034
 1.3501874000    3    1    1   0.85880931E-033
 1.3501874000    3    2    1   0.22496449E-032
 1.3501874000    3    3    1   0.77657685E-032
 1.3501874000    3    4    1   0.58466299E-033
 1.3501874000    3    5    1   0.39667538E-033
 1.3501874000    3    6    1   0.31334046E-034
 1.3501874000    4    1    1   0.43852661E-034
 1.3501874000    4    2    1   0.13114084E-032
 1.3501874000    4    3    1   0.58466302E-033
 1.3501874000    4    4    1   0.66313561E-032
 1.3501874000    4    5    1   0.50752955E-033
 1.3501874000    4    6    1   0.11245349E-032
 1.3501874000    5    1    1   0.10684897E-032
 1.3501874000    5    2    1   0.24121493E-034
 1.3501874000    5    3    1   0.39667532E-033
 1.3501874000    5    4    1   0.50752955E-033
 1.3501874000    5    5    1   0.80105773E-032
 1.3501874000    5    6    1   0.23750269E-032
 1.3501874000    6    1    1   0.44372941E-033
 1.3501874000    6    2    1   0.96151283E-034
 1.3501874000    6    3    1   0.31334046E-034
 1.3501874000    6    4    1   0.11245344E-032
 1.3501874000    6    5    1   0.23750267E-032
 1.3501874000    6    6    1   0.79654558E-032
 1.3601874000    1    1    1   0.23153821E-032
 1.3601874000    1    2    1   0.33635365E-033
 1.3601874000    1    3    1   0.83678076E-033
 1.3601874000    1    4    1   0.47219222E-034
 1.3601874000    1    5    1   0.10460548E-032
 1.3601874000    1    6    1   0.42494504E-033
 1.3601874000    2    1    1   0.33635376E-033
 1.3601874000    2    2    1   0.83361911E-032
 1.3601874000    2    3    1   0.22267448E-032
 1.3601874000    2    4    1   0.12608862E-032
 1.3601874000    2    5    1   0.25990026E-034
 1.3601874000    2    6    1   0.94444377E-034
 1.3601874000    3    1    1   0.83677436E-033
 1.3601874000    3    2    1   0.22267487E-032
 1.3601874000    3    3    1   0.75529607E-032
 1.3601874000    3    4    1   0.56702360E-033
 1.3601874000    3    5    1   0.37410311E-033
 1.3601874000    3    6    1   0.33694274E-034
 1.3601874000    4    1    1   0.47219222E-034
 1.3601874000    4    2    1   0.12608870E-032
 1.3601874000    4    3    1   0.56702363E-033
 1.3601874000    4    4    1   0.66876806E-032
 1.3601874000    4    5    1   0.49236985E-033
 1.3601874000    4    6    1   0.10830753E-032
 1.3601874000    5    1    1   0.10460548E-032
 1.3601874000    5    2    1   0.25990026E-034
 1.3601874000    5    3    1   0.37410305E-033
 1.3601874000    5    4    1   0.49236985E-033
 1.3601874000    5    5    1   0.78331800E-032
 1.3601874000    5    6    1   0.23433090E-032
 1.3601874000    6    1    1   0.42494504E-033
 1.3601874000    6    2    1   0.94444363E-034
 1.3601874000    6    3    1   0.33694274E-034
 1.3601874000    6    4    1   0.10830747E-032
 1.3601874000    6    5    1   0.23433088E-032
 1.3601874000    6    6    1   0.79767621E-032
 1.3701874000    1    1    1   0.22398070E-032
 1.3701874000    1    2    1   0.32177801E-033
 1.3701874000    1    3    1   0.81550187E-033
 1.3701874000    1    4    1   0.50821256E-034
 1.3701874000    1    5    1   0.10239214E-032
 1.3701874000    1    6    1   0.40715257E-033
 1.3701874000    2    1    1   0.32177812E-033
 1.3701874000    2    2    1   0.82814876E-032
 1.3701874000    2    3    1   0.22013144E-032
 1.3701874000    2    4    1   0.12102318E-032
 1.3701874000    2    5    1   0.27979959E-034
 1.3701874000    2    6    1   0.93069877E-034
 1.3701874000    3    1    1   0.81549371E-033
 1.3701874000    3    2    1   0.22013208E-032
 1.3701874000    3    3    1   0.73381178E-032
 1.3701874000    3    4    1   0.55058741E-033
 1.3701874000    3    5    1   0.35306011E-033
 1.3701874000    3    6    1   0.36183645E-034
 1.3701874000    4    1    1   0.50821256E-034
 1.3701874000    4    2    1   0.12102327E-032
 1.3701874000    4    3    1   0.55058744E-033
 1.3701874000    4    4    1   0.67400063E-032
 1.3701874000    4    5    1   0.47804948E-033
 1.3701874000    4    6    1   0.10422500E-032
 1.3701874000    5    1    1   0.10239214E-032
 1.3701874000    5    2    1   0.27979959E-034
 1.3701874000    5    3    1   0.35306006E-033
 1.3701874000    5    4    1   0.47804948E-033
 1.3701874000    5    5    1   0.76544824E-032
 1.3701874000    5    6    1   0.23086184E-032
 1.3701874000    6    1    1   0.40715257E-033
 1.3701874000    6    2    1   0.93069864E-034
 1.3701874000    6    3    1   0.36183645E-034
 1.3701874000    6    4    1   0.10422493E-032
 1.3701874000    6    5    1   0.23086182E-032
 1.3701874000    6    6    1   0.79852261E-032
 1.3801874000    1    1    1   0.21657589E-032
 1.3801874000    1    2    1   0.30777952E-033
 1.3801874000    1    3    1   0.79490989E-033
 1.3801874000    1    4    1   0.54681043E-034
 1.3801874000    1    5    1   0.10019826E-032
 1.3801874000    1    6    1   0.39043323E-033
 1.3801874000    2    1    1   0.30777962E-033
 1.3801874000    2    2    1   0.82254993E-032
 1.3801874000    2    3    1   0.21731621E-032
 1.3801874000    2    4    1   0.11603731E-032
 1.3801874000    2    5    1   0.30107724E-034
 1.3801874000    2    6    1   0.91925427E-034
 1.3801874000    3    1    1   0.79490001E-033
 1.3801874000    3    2    1   0.21731720E-032
 1.3801874000    3    3    1   0.71226500E-032
 1.3801874000    3    4    1   0.53522961E-033
 1.3801874000    3    5    1   0.33341234E-033
 1.3801874000    3    6    1   0.38821430E-034
 1.3801874000    4    1    1   0.54681043E-034
 1.3801874000    4    2    1   0.11603741E-032
 1.3801874000    4    3    1   0.53522963E-033
 1.3801874000    4    4    1   0.67885223E-032
 1.3801874000    4    5    1   0.46444989E-033
 1.3801874000    4    6    1   0.10026131E-032
 1.3801874000    5    1    1   0.10019826E-032
 1.3801874000    5    2    1   0.30107724E-034
 1.3801874000    5    3    1   0.33341230E-033
 1.3801874000    5    4    1   0.46444989E-033
 1.3801874000    5    5    1   0.74763353E-032
 1.3801874000    5    6    1   0.22711730E-032
 1.3801874000    6    1    1   0.39043323E-033
 1.3801874000    6    2    1   0.91925417E-034
 1.3801874000    6    3    1   0.38821430E-034
 1.3801874000    6    4    1   0.10026124E-032
 1.3801874000    6    5    1   0.22711728E-032
 1.3801874000    6    6    1   0.79925761E-032
 1.3901874000    1    1    1   0.20933098E-032
 1.3901874000    1    2    1   0.29438374E-033
 1.3901874000    1    3    1   0.77493526E-033
 1.3901874000    1    4    1   0.58823378E-034
 1.3901874000    1    5    1   0.98014519E-033
 1.3901874000    1    6    1   0.37483097E-033
 1.3901874000    2    1    1   0.29438384E-033
 1.3901874000    2    2    1   0.81702946E-032
 1.3901874000    2    3    1   0.21422245E-032
 1.3901874000    2    4    1   0.11121832E-032
 1.3901874000    2    5    1   0.32394005E-034
 1.3901874000    2    6    1   0.90912145E-034
 1.3901874000    3    1    1   0.77492374E-033
 1.3901874000    3    2    1   0.21422392E-032
 1.3901874000    3    3    1   0.69080424E-032
 1.3901874000    3    4    1   0.52080734E-033
 1.3901874000    3    5    1   0.31502585E-033
 1.3901874000    3    6    1   0.41634036E-034
 1.3901874000    4    1    1   0.58823378E-034
 1.3901874000    4    2    1   0.11121844E-032
 1.3901874000    4    3    1   0.52080736E-033
 1.3901874000    4    4    1   0.68333935E-032
 1.3901874000    4    5    1   0.45144956E-033
 1.3901874000    4    6    1   0.96465395E-033
 1.3901874000    5    1    1   0.98014519E-033
 1.3901874000    5    2    1   0.32394005E-034
 1.3901874000    5    3    1   0.31502582E-033
 1.3901874000    5    4    1   0.45144956E-033
 1.3901874000    5    5    1   0.73002687E-032
 1.3901874000    5    6    1   0.22313130E-032
 1.3901874000    6    1    1   0.37483097E-033
 1.3901874000    6    2    1   0.90912138E-034
 1.3901874000    6    3    1   0.41634036E-034
 1.3901874000    6    4    1   0.96465317E-033
 1.3901874000    6    5    1   0.22313128E-032
 1.3901874000    6    6    1   0.80003663E-032
 1.4001874000    1    1    1   0.20224917E-032
 1.4001874000    1    2    1   0.28160505E-033
 1.4001874000    1    3    1   0.75550777E-033
 1.4001874000    1    4    1   0.63275139E-034
 1.4001874000    1    5    1   0.95833268E-033
 1.4001874000    1    6    1   0.36035296E-033
 1.4001874000    2    1    1   0.28160513E-033
 1.4001874000    2    2    1   0.81173729E-032
 1.4001874000    2    3    1   0.21085585E-032
 1.4001874000    2    4    1   0.10664410E-032
 1.4001874000    2    5    1   0.34863193E-034
 1.4001874000    2    6    1   0.89935753E-034
 1.4001874000    3    1    1   0.75549477E-033
 1.4001874000    3    2    1   0.21085795E-032
 1.4001874000    3    3    1   0.66956514E-032
 1.4001874000    3    4    1   0.50716492E-033
 1.4001874000    3    5    1   0.29776965E-033
 1.4001874000    3    6    1   0.44654520E-034
 1.4001874000    4    1    1   0.63275139E-034
 1.4001874000    4    2    1   0.10664423E-032
 1.4001874000    4    3    1   0.50716493E-033
 1.4001874000    4    4    1   0.68747201E-032
 1.4001874000    4    5    1   0.43892763E-033
 1.4001874000    4    6    1   0.92877505E-033
 1.4001874000    5    1    1   0.95833268E-033
 1.4001874000    5    2    1   0.34863193E-034
 1.4001874000    5    3    1   0.29776963E-033
 1.4001874000    5    4    1   0.43892763E-033
 1.4001874000    5    5    1   0.71272916E-032
 1.4001874000    5    6    1   0.21894778E-032
 1.4001874000    6    1    1   0.36035296E-033
 1.4001874000    6    2    1   0.89935749E-034
 1.4001874000    6    3    1   0.44654520E-034
 1.4001874000    6    4    1   0.92877425E-033
 1.4001874000    6    5    1   0.21894776E-032
 1.4001874000    6    6    1   0.80097508E-032
 1.4101874000    1    1    1   0.19533043E-032
 1.4101874000    1    2    1   0.26944690E-033
 1.4101874000    1    3    1   0.73655830E-033
 1.4101874000    1    4    1   0.68064758E-034
 1.4101874000    1    5    1   0.93648842E-033
 1.4101874000    1    6    1   0.34697238E-033
 1.4101874000    2    1    1   0.26944698E-033
 1.4101874000    2    2    1   0.80674651E-032
 1.4101874000    2    3    1   0.20723319E-032
 1.4101874000    2    4    1   0.10237995E-032
 1.4101874000    2    5    1   0.37542475E-034
 1.4101874000    2    6    1   0.88907882E-034
 1.4101874000    3    1    1   0.73654405E-033
 1.4101874000    3    2    1   0.20723613E-032
 1.4101874000    3    3    1   0.64865365E-032
 1.4101874000    3    4    1   0.49413957E-033
 1.4101874000    3    5    1   0.28151870E-033
 1.4101874000    3    6    1   0.47921431E-034
 1.4101874000    4    1    1   0.68064758E-034
 1.4101874000    4    2    1   0.10238009E-032
 1.4101874000    4    3    1   0.49413957E-033
 1.4101874000    4    4    1   0.69125064E-032
 1.4101874000    4    5    1   0.42676755E-033
 1.4101874000    4    6    1   0.89527775E-033
 1.4101874000    5    1    1   0.93648842E-033
 1.4101874000    5    2    1   0.37542475E-034
 1.4101874000    5    3    1   0.28151870E-033
 1.4101874000    5    4    1   0.42676755E-033
 1.4101874000    5    5    1   0.69577802E-032
 1.4101874000    5    6    1   0.21461807E-032
 1.4101874000    6    1    1   0.34697238E-033
 1.4101874000    6    2    1   0.88907882E-034
 1.4101874000    6    3    1   0.47921431E-034
 1.4101874000    6    4    1   0.89527696E-033
 1.4101874000    6    5    1   0.21461805E-032
 1.4101874000    6    6    1   0.80213073E-032
 1.4201874000    1    1    1   0.18857277E-032
 1.4201874000    1    2    1   0.25790285E-033
 1.4201874000    1    3    1   0.71802054E-033
 1.4201874000    1    4    1   0.73221654E-034
 1.4201874000    1    5    1   0.91457747E-033
 1.4201874000    1    6    1   0.33463291E-033
 1.4201874000    2    1    1   0.25790291E-033
 1.4201874000    2    2    1   0.80204479E-032
 1.4201874000    2    3    1   0.20338124E-032
 1.4201874000    2    4    1   0.98476327E-033
 1.4201874000    2    5    1   0.40460651E-034
 1.4201874000    2    6    1   0.87747660E-034
 1.4201874000    3    1    1   0.71800536E-033
 1.4201874000    3    2    1   0.20338525E-032
 1.4201874000    3    3    1   0.62813515E-032
 1.4201874000    3    4    1   0.48156766E-033
 1.4201874000    3    5    1   0.26615681E-033
 1.4201874000    3    6    1   0.51477051E-034
 1.4201874000    4    1    1   0.73221654E-034
 1.4201874000    4    2    1   0.98476470E-033
 1.4201874000    4    3    1   0.48156765E-033
 1.4201874000    4    4    1   0.69466430E-032
 1.4201874000    4    5    1   0.41486077E-033
 1.4201874000    4    6    1   0.86435557E-033
 1.4201874000    5    1    1   0.91457747E-033
 1.4201874000    5    2    1   0.40460651E-034
 1.4201874000    5    3    1   0.26615682E-033
 1.4201874000    5    4    1   0.41486077E-033
 1.4201874000    5    5    1   0.67914729E-032
 1.4201874000    5    6    1   0.21019836E-032
 1.4201874000    6    1    1   0.33463291E-033
 1.4201874000    6    2    1   0.87747663E-034
 1.4201874000    6    3    1   0.51477051E-034
 1.4201874000    6    4    1   0.86435483E-033
 1.4201874000    6    5    1   0.21019834E-032
 1.4201874000    6    6    1   0.80349389E-032
 1.4301874000    1    1    1   0.18197356E-032
 1.4301874000    1    2    1   0.24695787E-033
 1.4301874000    1    3    1   0.69983280E-033
 1.4301874000    1    4    1   0.78775712E-034
 1.4301874000    1    5    1   0.89258796E-033
 1.4301874000    1    6    1   0.32325428E-033
 1.4301874000    2    1    1   0.24695791E-033
 1.4301874000    2    2    1   0.79753819E-032
 1.4301874000    2    3    1   0.19933540E-032
 1.4301874000    2    4    1   0.94967495E-033
 1.4301874000    2    5    1   0.43646824E-034
 1.4301874000    2    6    1   0.86383569E-034
 1.4301874000    3    1    1   0.69981711E-033
 1.4301874000    3    2    1   0.19934074E-032
 1.4301874000    3    3    1   0.60803104E-032
 1.4301874000    3    4    1   0.46929096E-033
 1.4301874000    3    5    1   0.25157924E-033
 1.4301874000    3    6    1   0.55365198E-034
 1.4301874000    4    1    1   0.78775712E-034
 1.4301874000    4    2    1   0.94967638E-033
 1.4301874000    4    3    1   0.46929095E-033
 1.4301874000    4    4    1   0.69769064E-032
 1.4301874000    4    5    1   0.40311017E-033
 1.4301874000    4    6    1   0.83609459E-033
 1.4301874000    5    1    1   0.89258796E-033
 1.4301874000    5    2    1   0.43646824E-034
 1.4301874000    5    3    1   0.25157927E-033
 1.4301874000    5    4    1   0.40311017E-033
 1.4301874000    5    5    1   0.66275689E-032
 1.4301874000    5    6    1   0.20574716E-032
 1.4301874000    6    1    1   0.32325428E-033
 1.4301874000    6    2    1   0.86383576E-034
 1.4301874000    6    3    1   0.55365198E-034
 1.4301874000    6    4    1   0.83609393E-033
 1.4301874000    6    5    1   0.20574715E-032
 1.4301874000    6    6    1   0.80498703E-032
 1.4401874000    1    1    1   0.17553066E-032
 1.4401874000    1    2    1   0.23658994E-033
 1.4401874000    1    3    1   0.68193968E-033
 1.4401874000    1    4    1   0.84756883E-034
 1.4401874000    1    5    1   0.87053139E-033
 1.4401874000    1    6    1   0.31273835E-033
 1.4401874000    2    1    1   0.23658996E-033
 1.4401874000    2    2    1   0.79306674E-032
 1.4401874000    2    3    1   0.19513834E-032
 1.4401874000    2    4    1   0.91871096E-033
 1.4401874000    2    5    1   0.47129146E-034
 1.4401874000    2    6    1   0.84755527E-034
 1.4401874000    3    1    1   0.68192398E-033
 1.4401874000    3    2    1   0.19514528E-032
 1.4401874000    3    3    1   0.58832277E-032
 1.4401874000    3    4    1   0.45716291E-033
 1.4401874000    3    5    1   0.23769479E-033
 1.4401874000    3    6    1   0.59628831E-034
 1.4401874000    4    1    1   0.84756883E-034
 1.4401874000    4    2    1   0.91871233E-033
 1.4401874000    4    3    1   0.45716289E-033
 1.4401874000    4    4    1   0.70029767E-032
 1.4401874000    4    5    1   0.39143308E-033
 1.4401874000    4    6    1   0.81047990E-033
 1.4401874000    5    1    1   0.87053139E-033
 1.4401874000    5    2    1   0.47129146E-034
 1.4401874000    5    3    1   0.23769482E-033
 1.4401874000    5    4    1   0.39143308E-033
 1.4401874000    5    5    1   0.64649105E-032
 1.4401874000    5    6    1   0.20132302E-032
 1.4401874000    6    1    1   0.31273835E-033
 1.4401874000    6    2    1   0.84755537E-034
 1.4401874000    6    3    1   0.59628831E-034
 1.4401874000    6    4    1   0.81047934E-033
 1.4401874000    6    5    1   0.20132301E-032
 1.4401874000    6    6    1   0.80647421E-032
 1.4501874000    1    1    1   0.16924329E-032
 1.4501874000    1    2    1   0.22677167E-033
 1.4501874000    1    3    1   0.66429350E-033
 1.4501874000    1    4    1   0.91194973E-034
 1.4501874000    1    5    1   0.84844197E-033
 1.4501874000    1    6    1   0.30297518E-033
 1.4501874000    2    1    1   0.22677167E-033
 1.4501874000    2    2    1   0.78842945E-032
 1.4501874000    2    3    1   0.19083847E-032
 1.4501874000    2    4    1   0.89188534E-033
 1.4501874000    2    5    1   0.50933808E-034
 1.4501874000    2    6    1   0.82817008E-034
 1.4501874000    3    1    1   0.66427836E-033
 1.4501874000    3    2    1   0.19084728E-032
 1.4501874000    3    3    1   0.56896194E-032
 1.4501874000    3    4    1   0.44505424E-033
 1.4501874000    3    5    1   0.22442721E-033
 1.4501874000    3    6    1   0.64307740E-034
 1.4501874000    4    1    1   0.91194973E-034
 1.4501874000    4    2    1   0.89188659E-033
 1.4501874000    4    3    1   0.44505421E-033
 1.4501874000    4    4    1   0.70244711E-032
 1.4501874000    4    5    1   0.37976382E-033
 1.4501874000    4    6    1   0.78740664E-033
 1.4501874000    5    1    1   0.84844197E-033
 1.4501874000    5    2    1   0.50933808E-034
 1.4501874000    5    3    1   0.22442726E-033
 1.4501874000    5    4    1   0.37976381E-033
 1.4501874000    5    5    1   0.63022173E-032
 1.4501874000    5    6    1   0.19698246E-032
 1.4501874000    6    1    1   0.30297518E-033
 1.4501874000    6    2    1   0.82817020E-034
 1.4501874000    6    3    1   0.64307740E-034
 1.4501874000    6    4    1   0.78740622E-033
 1.4501874000    6    5    1   0.19698245E-032
 1.4501874000    6    6    1   0.80777914E-032
 1.4601874000    1    1    1   0.16311252E-032
 1.4601874000    1    2    1   0.21747181E-033
 1.4601874000    1    3    1   0.64685544E-033
 1.4601874000    1    4    1   0.98119683E-034
 1.4601874000    1    5    1   0.82637486E-033
 1.4601874000    1    6    1   0.29384871E-033
 1.4601874000    2    1    1   0.21747179E-033
 1.4601874000    2    2    1   0.78341505E-032
 1.4601874000    2    3    1   0.18648841E-032
 1.4601874000    2    4    1   0.86906115E-033
 1.4601874000    2    5    1   0.55084460E-034
 1.4601874000    2    6    1   0.80537007E-034
 1.4601874000    3    1    1   0.64684147E-033
 1.4601874000    3    2    1   0.18649936E-032
 1.4601874000    3    3    1   0.54988442E-032
 1.4601874000    3    4    1   0.43285803E-033
 1.4601874000    3    5    1   0.21171592E-033
 1.4601874000    3    6    1   0.69436642E-034
 1.4601874000    4    1    1   0.98119683E-034
 1.4601874000    4    2    1   0.86906222E-033
 1.4601874000    4    3    1   0.43285800E-033
 1.4601874000    4    4    1   0.70409883E-032
 1.4601874000    4    5    1   0.36805533E-033
 1.4601874000    4    6    1   0.76669429E-033
 1.4601874000    5    1    1   0.82637486E-033
 1.4601874000    5    2    1   0.55084460E-034
 1.4601874000    5    3    1   0.21171598E-033
 1.4601874000    5    4    1   0.36805533E-033
 1.4601874000    5    5    1   0.61383301E-032
 1.4601874000    5    6    1   0.19277820E-032
 1.4601874000    6    1    1   0.29384871E-033
 1.4601874000    6    2    1   0.80537021E-034
 1.4601874000    6    3    1   0.69436642E-034
 1.4601874000    6    4    1   0.76669402E-033
 1.4601874000    6    5    1   0.19277820E-032
 1.4601874000    6    6    1   0.80870969E-032
 1.4701874000    1    1    1   0.15714124E-032
 1.4701874000    1    2    1   0.20865664E-033
 1.4701874000    1    3    1   0.62959618E-033
 1.4701874000    1    4    1   0.10556092E-033
 1.4701874000    1    5    1   0.80440334E-033
 1.4701874000    1    6    1   0.28524182E-033
 1.4701874000    2    1    1   0.20865660E-033
 1.4701874000    2    2    1   0.77783387E-032
 1.4701874000    2    3    1   0.18214347E-032
 1.4701874000    2    4    1   0.84996775E-033
 1.4701874000    2    5    1   0.59602188E-034
 1.4701874000    2    6    1   0.77901602E-034
 1.4701874000    3    1    1   0.62958401E-033
 1.4701874000    3    2    1   0.18215676E-032
 1.4701874000    3    3    1   0.53102555E-032
 1.4701874000    3    4    1   0.42049356E-033
 1.4701874000    3    5    1   0.19951591E-033
 1.4701874000    3    6    1   0.75043982E-034
 1.4701874000    4    1    1   0.10556092E-033
 1.4701874000    4    2    1   0.84996860E-033
 1.4701874000    4    3    1   0.42049353E-033
 1.4701874000    4    4    1   0.70521586E-032
 1.4701874000    4    5    1   0.35628014E-033
 1.4701874000    4    6    1   0.74810257E-033
 1.4701874000    5    1    1   0.80440334E-033
 1.4701874000    5    2    1   0.59602188E-034
 1.4701874000    5    3    1   0.19951597E-033
 1.4701874000    5    4    1   0.35628014E-033
 1.4701874000    5    5    1   0.59724252E-032
 1.4701874000    5    6    1   0.18875775E-032
 1.4701874000    6    1    1   0.28524182E-033
 1.4701874000    6    2    1   0.77901617E-034
 1.4701874000    6    3    1   0.75043982E-034
 1.4701874000    6    4    1   0.74810248E-033
 1.4701874000    6    5    1   0.18875775E-032
 1.4701874000    6    6    1   0.80908529E-032
 1.4801874000    1    1    1   0.15133386E-032
 1.4801874000    1    2    1   0.20029116E-033
 1.4801874000    1    3    1   0.61249621E-033
 1.4801874000    1    4    1   0.11354939E-033
 1.4801874000    1    5    1   0.78261505E-033
 1.4801874000    1    6    1   0.27704060E-033
 1.4801874000    2    1    1   0.20029110E-033
 1.4801874000    2    2    1   0.77154640E-032
 1.4801874000    2    3    1   0.17786004E-032
 1.4801874000    2    4    1   0.83422259E-033
 1.4801874000    2    5    1   0.64506139E-034
 1.4801874000    2    6    1   0.74914850E-034
 1.4801874000    3    1    1   0.61248642E-033
 1.4801874000    3    2    1   0.17787578E-032
 1.4801874000    3    3    1   0.51233389E-032
 1.4801874000    3    4    1   0.40790890E-033
 1.4801874000    3    5    1   0.18779690E-033
 1.4801874000    3    6    1   0.81151706E-034
 1.4801874000    4    1    1   0.11354939E-033
 1.4801874000    4    2    1   0.83422316E-033
 1.4801874000    4    3    1   0.40790887E-033
 1.4801874000    4    4    1   0.70576910E-032
 1.4801874000    4    5    1   0.34443030E-033
 1.4801874000    4    6    1   0.73134771E-033
 1.4801874000    5    1    1   0.78261505E-033
 1.4801874000    5    2    1   0.64506139E-034
 1.4801874000    5    3    1   0.18779697E-033
 1.4801874000    5    4    1   0.34443030E-033
 1.4801874000    5    5    1   0.58041633E-032
 1.4801874000    5    6    1   0.18496224E-032
 1.4801874000    6    1    1   0.27704060E-033
 1.4801874000    6    2    1   0.74914866E-034
 1.4801874000    6    3    1   0.81151706E-034
 1.4801874000    6    4    1   0.73134781E-033
 1.4801874000    6    5    1   0.18496225E-032
 1.4801874000    6    6    1   0.80876348E-032
 1.4901874000    1    1    1   0.14569565E-032
 1.4901874000    1    2    1   0.19234012E-033
 1.4901874000    1    3    1   0.59554554E-033
 1.4901874000    1    4    1   0.12211751E-033
 1.4901874000    1    5    1   0.76110741E-033
 1.4901874000    1    6    1   0.26913795E-033
 1.4901874000    2    1    1   0.19234004E-033
 1.4901874000    2    2    1   0.76448438E-032
 1.4901874000    2    3    1   0.17369399E-032
 1.4901874000    2    4    1   0.82135546E-033
 1.4901874000    2    5    1   0.69814790E-034
 1.4901874000    2    6    1   0.71598848E-034
 1.4901874000    3    1    1   0.59553864E-033
 1.4901874000    3    2    1   0.17371220E-032
 1.4901874000    3    3    1   0.49378115E-032
 1.4901874000    3    4    1   0.39508203E-033
 1.4901874000    3    5    1   0.17654198E-033
 1.4901874000    3    6    1   0.87776160E-034
 1.4901874000    4    1    1   0.12211751E-033
 1.4901874000    4    2    1   0.82135572E-033
 1.4901874000    4    3    1   0.39508200E-033
 1.4901874000    4    4    1   0.70574097E-032
 1.4901874000    4    5    1   0.33251642E-033
 1.4901874000    4    6    1   0.71611795E-033
 1.4901874000    5    1    1   0.76110741E-033
 1.4901874000    5    2    1   0.69814790E-034
 1.4901874000    5    3    1   0.17654205E-033
 1.4901874000    5    4    1   0.33251642E-033
 1.4901874000    5    5    1   0.56337528E-032
 1.4901874000    5    6    1   0.18142569E-032
 1.4901874000    6    1    1   0.26913795E-033
 1.4901874000    6    2    1   0.71598864E-034
 1.4901874000    6    3    1   0.87776160E-034
 1.4901874000    6    4    1   0.71611822E-033
 1.4901874000    6    5    1   0.18142570E-032
 1.4901874000    6    6    1   0.80766158E-032
 1.5001874000    1    1    1   0.14023206E-032
 1.5001874000    1    2    1   0.18476889E-033
 1.5001874000    1    3    1   0.57874323E-033
 1.5001874000    1    4    1   0.13130053E-033
 1.5001874000    1    5    1   0.73998234E-033
 1.5001874000    1    6    1   0.26143634E-033
 1.5001874000    2    1    1   0.18476880E-033
 1.5001874000    2    2    1   0.75666146E-032
 1.5001874000    2    3    1   0.16969909E-032
 1.5001874000    2    4    1   0.81083383E-033
 1.5001874000    2    5    1   0.75547785E-034
 1.5001874000    2    6    1   0.67992807E-034
 1.5001874000    3    1    1   0.57873958E-033
 1.5001874000    3    2    1   0.16971962E-032
 1.5001874000    3    3    1   0.47536708E-032
 1.5001874000    3    4    1   0.38202040E-033
 1.5001874000    3    5    1   0.16574567E-033
 1.5001874000    3    6    1   0.94930179E-034
 1.5001874000    4    1    1   0.13130053E-033
 1.5001874000    4    2    1   0.81083375E-033
 1.5001874000    4    3    1   0.38202036E-033
 1.5001874000    4    4    1   0.70512759E-032
 1.5001874000    4    5    1   0.32056590E-033
 1.5001874000    4    6    1   0.70208741E-033
 1.5001874000    5    1    1   0.73998234E-033
 1.5001874000    5    2    1   0.75547785E-034
 1.5001874000    5    3    1   0.16574573E-033
 1.5001874000    5    4    1   0.32056590E-033
 1.5001874000    5    5    1   0.54619197E-032
 1.5001874000    5    6    1   0.17817452E-032
 1.5001874000    6    1    1   0.26143633E-033
 1.5001874000    6    2    1   0.67992821E-034
 1.5001874000    6    3    1   0.94930179E-034
 1.5001874000    6    4    1   0.70208785E-033
 1.5001874000    6    5    1   0.17817453E-032
 1.5001874000    6    6    1   0.80577027E-032
 1.5101874000    1    1    1   0.13494801E-032
 1.5101874000    1    2    1   0.17754417E-033
 1.5101874000    1    3    1   0.56209643E-033
 1.5101874000    1    4    1   0.14113786E-033
 1.5101874000    1    5    1   0.71934080E-033
 1.5101874000    1    6    1   0.25385003E-033
 1.5101874000    2    1    1   0.17754407E-033
 1.5101874000    2    2    1   0.74817200E-032
 1.5101874000    2    3    1   0.16592531E-032
 1.5101874000    2    4    1   0.80208763E-033
 1.5101874000    2    5    1   0.81728181E-034
 1.5101874000    2    6    1   0.64151141E-034
 1.5101874000    3    1    1   0.56209627E-033
 1.5101874000    3    2    1   0.16594786E-032
 1.5101874000    3    3    1   0.45711888E-032
 1.5101874000    3    4    1   0.36875896E-033
 1.5101874000    3    5    1   0.15541176E-033
 1.5101874000    3    6    1   0.10262628E-033
 1.5101874000    4    1    1   0.14113786E-033
 1.5101874000    4    2    1   0.80208724E-033
 1.5101874000    4    3    1   0.36875893E-033
 1.5101874000    4    4    1   0.70393886E-032
 1.5101874000    4    5    1   0.30862048E-033
 1.5101874000    4    6    1   0.68892804E-033
 1.5101874000    5    1    1   0.71934080E-033
 1.5101874000    5    2    1   0.81728181E-034
 1.5101874000    5    3    1   0.15541182E-033
 1.5101874000    5    4    1   0.30862047E-033
 1.5101874000    5    5    1   0.52897934E-032
 1.5101874000    5    6    1   0.17522723E-032
 1.5101874000    6    1    1   0.25385003E-033
 1.5101874000    6    2    1   0.64151155E-034
 1.5101874000    6    3    1   0.10262628E-033
 1.5101874000    6    4    1   0.68892862E-033
 1.5101874000    6    5    1   0.17522725E-032
 1.5101874000    6    6    1   0.80315684E-032
 1.5201874000    1    1    1   0.12984729E-032
 1.5201874000    1    2    1   0.17063466E-033
 1.5201874000    1    3    1   0.54561949E-033
 1.5201874000    1    4    1   0.15167454E-033
 1.5201874000    1    5    1   0.69927714E-033
 1.5201874000    1    6    1   0.24630679E-033
 1.5201874000    2    1    1   0.17063456E-033
 1.5201874000    2    2    1   0.73917832E-032
 1.5201874000    2    3    1   0.16241723E-032
 1.5201874000    2    4    1   0.79453242E-033
 1.5201874000    2    5    1   0.88384888E-034
 1.5201874000    2    6    1   0.60140662E-034
 1.5201874000    3    1    1   0.54562286E-033
 1.5201874000    3    2    1   0.16244131E-032
 1.5201874000    3    3    1   0.43908581E-032
 1.5201874000    3    4    1   0.35535692E-033
 1.5201874000    3    5    1   0.14555102E-033
 1.5201874000    3    6    1   0.11088069E-033
 1.5201874000    4    1    1   0.15167454E-033
 1.5201874000    4    2    1   0.79453171E-033
 1.5201874000    4    3    1   0.35535689E-033
 1.5201874000    4    4    1   0.70219657E-032
 1.5201874000    4    5    1   0.29673315E-033
 1.5201874000    4    6    1   0.67631945E-033
 1.5201874000    5    1    1   0.69927714E-033
 1.5201874000    5    2    1   0.88384888E-034
 1.5201874000    5    3    1   0.14555108E-033
 1.5201874000    5    4    1   0.29673315E-033
 1.5201874000    5    5    1   0.51187324E-032
 1.5201874000    5    6    1   0.17259436E-032
 1.5201874000    6    1    1   0.24630679E-033
 1.5201874000    6    2    1   0.60140674E-034
 1.5201874000    6    3    1   0.11088069E-033
 1.5201874000    6    4    1   0.67632014E-033
 1.5201874000    6    5    1   0.17259438E-032
 1.5201874000    6    6    1   0.79995733E-032
